0.000164341	-22165935.88	0,1.96221e-06,4.84866e-06,9.0947e-06,1.53407e-05,2.45287e-05,3.80444e-05,5.79264e-05,8.71731e-05,0.000130196,0.000193483,0.000286579,0.000423526,0.000624978,0.000921318,0.00135724,0.00199849,0.00294178,0.00432938,0.00637058,inf	1560.47,1560.47,1873.61,2133.92,2096.6,1914.47,1759.39,1680.79,1635.04,1602.01,1580.53,1563.63,1539.93,1509.45,1475.52,1439.85,1404.65,1380.11,1353.52,1353.52
0.000173516	-22151845.93	0,1.96221e-06,4.84866e-06,9.0947e-06,1.53407e-05,2.45287e-05,3.80444e-05,5.79264e-05,8.71731e-05,0.000130196,0.000193483,0.000286579,0.000423526,0.000624978,0.000921318,0.00135724,0.00199849,0.00294178,0.00432938,0.00637058,inf	1369.75,1369.75,1890.94,2460.05,2431.06,2105.71,1849.91,1731.41,1664.53,1615.25,1584.12,1557.61,1514.3,1455.53,1389.39,1322.63,1263.36,1230,1203,1203
0.00018337	-22140411.08	0,1.96221e-06,4.84866e-06,9.0947e-06,1.53407e-05,2.45287e-05,3.80444e-05,5.79264e-05,8.71731e-05,0.000130196,0.000193483,0.000286579,0.000423526,0.000624978,0.000921318,0.00135724,0.00199849,0.00294178,0.00432938,0.00637058,inf	1203.68,1203.68,1808.4,2660.47,2655.74,2216.6,1897.52,1761.33,1686.89,1630.93,1597.25,1566.1,1506.91,1422.94,1327.48,1233.71,1156.78,1121.02,1099.8,1099.8
0.00019369	-22130606.24	0,1.96221e-06,4.84866e-06,9.0947e-06,1.53407e-05,2.45287e-05,3.80444e-05,5.79264e-05,8.71731e-05,0.000130196,0.000193483,0.000286579,0.000423526,0.000624978,0.000921318,0.00135724,0.00199849,0.00294178,0.00432938,0.00637058,inf	1094.28,1094.28,1708.1,2802.11,2816.66,2279.87,1920.71,1778.44,1703.16,1645.6,1613.42,1580.92,1509.09,1403.13,1281.48,1164.22,1073.69,1038.32,1023.9,1023.9
0.000204341	-22121928.64	0,1.96221e-06,4.84866e-06,9.0947e-06,1.53407e-05,2.45287e-05,3.80444e-05,5.79264e-05,8.71731e-05,0.000130196,0.000193483,0.000286579,0.000423526,0.000624978,0.000921318,0.00135724,0.00199849,0.00294178,0.00432938,0.00637058,inf	1031.28,1031.28,1621.26,2922.93,2942.37,2315.91,1930.98,1788.18,1714.98,1658.24,1629.66,1597.89,1516.1,1391.18,1246.33,1108.59,1007.23,973.419,965.347,965.347
0.000215236	-22114094.87	0,1.96221e-06,4.84866e-06,9.0947e-06,1.53407e-05,2.45287e-05,3.80444e-05,5.79264e-05,8.71731e-05,0.000130196,0.000193483,0.000286579,0.000423526,0.000624978,0.000921318,0.00135724,0.00199849,0.00294178,0.00432938,0.00637058,inf	999.343,999.343,1556.43,3041.15,3048.1,2336.33,1934.98,1794.05,1723.82,1668.82,1644.75,1614.9,1525.29,1384.14,1218.81,1063.15,952.903,921.141,918.537,918.537
0.000226314	-22106926.14	0,1.96221e-06,4.84866e-06,9.0947e-06,1.53407e-05,2.45287e-05,3.80444e-05,5.79264e-05,8.71731e-05,0.000130196,0.000193483,0.000286579,0.000423526,0.000624978,0.000921318,0.00135724,0.00199849,0.00294178,0.00432938,0.00637058,inf	986.827,986.827,1513.79,3164.18,3141.1,2347.53,1936.4,1798.14,1730.78,1677.68,1658.3,1630.97,1535.19,1380.17,1196.78,1025.37,907.707,878.121,880.069,880.069
0.00023753	-22100300.19	0,1.96221e-06,4.84866e-06,9.0947e-06,1.53407e-05,2.45287e-05,3.80444e-05,5.79264e-05,8.71731e-05,0.000130196,0.000193483,0.000286579,0.000423526,0.000624978,0.000921318,0.00135724,0.00199849,0.00294178,0.00432938,0.00637058,inf	985.995,985.995,1491.03,3294.17,3224.51,2353.08,1937.21,1801.69,1736.68,1685.22,1670.31,1645.68,1545.01,1378.12,1178.79,993.473,869.527,842.091,847.737,847.737
0.000248853	-22094128.69	0,1.96221e-06,4.84866e-06,9.0947e-06,1.53407e-05,2.45287e-05,3.80444e-05,5.79264e-05,8.71731e-05,0.000130196,0.000193483,0.000286579,0.000423526,0.000624978,0.000921318,0.00135724,0.00199849,0.00294178,0.00432938,0.00637058,inf	992.198,992.198,1485.65,3430.78,3299.47,2355,1938.46,1805.37,1742.05,1691.8,1680.93,1658.91,1554.3,1377.25,1163.82,966.171,836.847,811.461,820.048,820.048
0.000260259	-22088345.12	0,1.96221e-06,4.84866e-06,9.0947e-06,1.53407e-05,2.45287e-05,3.80444e-05,5.79264e-05,8.71731e-05,0.000130196,0.000193483,0.000286579,0.000423526,0.000624978,0.000921318,0.00135724,0.00199849,0.00294178,0.00432938,0.00637058,inf	1002.67,1002.67,1495.39,3572.72,3366.26,2354.48,1940.6,1809.56,1747.23,1697.73,1690.37,1670.72,1562.86,1377.09,1151.15,942.518,808.547,785.086,795.953,795.953
0.000271729	-22082897.94	0,1.96221e-06,4.84866e-06,9.0947e-06,1.53407e-05,2.45287e-05,3.80444e-05,5.79264e-05,8.71731e-05,0.000130196,0.000193483,0.000286579,0.000423526,0.000624978,0.000921318,0.00135724,0.00199849,0.00294178,0.00432938,0.00637058,inf	1016.04,1016.04,1518.66,3718.29,3424.87,2352.3,1943.82,1814.41,1752.44,1703.22,1698.81,1681.21,1570.61,1377.3,1140.25,921.799,783.79,762.124,774.693,774.693
0.000283247	-22077746.22	0,1.96221e-06,4.84866e-06,9.0947e-06,1.53407e-05,2.45287e-05,3.80444e-05,5.79264e-05,8.71731e-05,0.000130196,0.000193483,0.000286579,0.000423526,0.000624978,0.000921318,0.00135724,0.00199849,0.00294178,0.00432938,0.00637058,inf	1031.39,1031.39,1554.15,3865.87,3475.39,2349,1948.16,1819.97,1757.81,1708.44,1706.44,1690.52,1577.54,1377.69,1130.72,903.471,761.936,741.938,755.705,755.705
0.000294803	-22072856.72	0,1.96221e-06,4.84866e-06,9.0947e-06,1.53407e-05,2.45287e-05,3.80444e-05,5.79264e-05,8.71731e-05,0.000130196,0.000193483,0.000286579,0.000423526,0.000624978,0.000921318,0.00135724,0.00199849,0.00294178,0.00432938,0.00637058,inf	1048.13,1048.13,1600.88,4013.84,3517.92,2344.98,1953.57,1826.24,1763.39,1713.51,1713.42,1698.79,1583.69,1378.13,1122.29,887.113,742.487,724.041,738.564,738.564
0.000306387	-22068202.09	0,1.96221e-06,4.84866e-06,9.0947e-06,1.53407e-05,2.45287e-05,3.80444e-05,5.79264e-05,8.71731e-05,0.000130196,0.000193483,0.000286579,0.000423526,0.000624978,0.000921318,0.00135724,0.00199849,0.00294178,0.00432938,0.00637058,inf	1066.33,1066.33,1658.14,4160.9,3552.71,2340.55,1959.95,1833.15,1769.23,1718.5,1719.85,1706.14,1589.09,1378.51,1114.72,872.395,725.053,708.055,722.942,722.942
0.000317992	-22063759.43	0,1.96221e-06,4.84866e-06,9.0947e-06,1.53407e-05,2.45287e-05,3.80444e-05,5.79264e-05,8.71731e-05,0.000130196,0.000193483,0.000286579,0.000423526,0.000624978,0.000921318,0.00135724,0.00199849,0.00294178,0.00432938,0.00637058,inf	1085.8,1085.8,1725.28,4305.72,3580.13,2335.95,1967.21,1840.66,1775.31,1723.48,1725.85,1712.71,1593.82,1378.8,1107.85,859.057,709.324,693.678,708.584,708.584
0.000329611	-22059509.34	0,1.96221e-06,4.84866e-06,9.0947e-06,1.53407e-05,2.45287e-05,3.80444e-05,5.79264e-05,8.71731e-05,0.000130196,0.000193483,0.000286579,0.000423526,0.000624978,0.000921318,0.00135724,0.00199849,0.00294178,0.00432938,0.00637058,inf	1106.44,1106.44,1801.84,4447.39,3600.64,2331.38,1975.24,1848.69,1781.63,1728.47,1731.49,1718.58,1597.94,1378.96,1101.55,846.89,695.048,680.671,695.287,695.287
0.000341239	-22055435.16	0,1.96221e-06,4.84866e-06,9.0947e-06,1.53407e-05,2.45287e-05,3.80444e-05,5.79264e-05,8.71731e-05,0.000130196,0.000193483,0.000286579,0.000423526,0.000624978,0.000921318,0.00135724,0.00199849,0.00294178,0.00432938,0.00637058,inf	1128.27,1128.27,1887.36,4584.9,3614.76,2327,1983.94,1857.16,1788.16,1733.49,1736.83,1723.87,1601.5,1378.97,1095.71,835.725,682.024,668.84,682.889,682.889
0.000352872	-22051522.54	0,1.96221e-06,4.84866e-06,9.0947e-06,1.53407e-05,2.45287e-05,3.80444e-05,5.79264e-05,8.71731e-05,0.000130196,0.000193483,0.000286579,0.000423526,0.000624978,0.000921318,0.00135724,0.00199849,0.00294178,0.00432938,0.00637058,inf	1151.28,1151.28,1981.46,4717.63,3623.08,2322.95,1993.21,1866.02,1794.89,1738.56,1741.93,1728.63,1604.57,1378.83,1090.26,825.423,670.083,658.027,671.259,671.259
0.000364506	-22047758.87	0,1.96221e-06,4.84866e-06,9.0947e-06,1.53407e-05,2.45287e-05,3.80444e-05,5.79264e-05,8.71731e-05,0.000130196,0.000193483,0.000286579,0.000423526,0.000624978,0.000921318,0.00135724,0.00199849,0.00294178,0.00432938,0.00637058,inf	1175.51,1175.51,2083.62,4844.91,3626.11,2319.33,2002.99,1875.2,1801.78,1743.68,1746.83,1732.95,1607.19,1378.53,1085.13,815.873,659.089,648.1,660.291,660.291
0.000376139	-22044133.13	0,1.96221e-06,4.84866e-06,9.0947e-06,1.53407e-05,2.45287e-05,3.80444e-05,5.79264e-05,8.71731e-05,0.000130196,0.000193483,0.000286579,0.000423526,0.000624978,0.000921318,0.00135724,0.00199849,0.00294178,0.00432938,0.00637058,inf	1200.83,1200.83,2193.47,4966.25,3624.47,2316.2,2013.18,1884.63,1808.8,1748.84,1751.56,1736.88,1609.42,1378.09,1080.28,806.98,648.925,638.952,649.895,649.895
0.000387767	-22040635.50	0,1.96221e-06,4.84866e-06,9.0947e-06,1.53407e-05,2.45287e-05,3.80444e-05,5.79264e-05,8.71731e-05,0.000130196,0.000193483,0.000286579,0.000423526,0.000624978,0.000921318,0.00135724,0.00199849,0.00294178,0.00432938,0.00637058,inf	1227.28,1227.28,2310.66,5081.23,3618.72,2313.62,2023.73,1894.29,1815.95,1754.05,1756.14,1740.47,1611.3,1377.51,1075.65,798.667,639.496,630.491,639.999,639.999
0.00039939	-22037257.28	0,1.96221e-06,4.84866e-06,9.0947e-06,1.53407e-05,2.45287e-05,3.80444e-05,5.79264e-05,8.71731e-05,0.000130196,0.000193483,0.000286579,0.000423526,0.000624978,0.000921318,0.00135724,0.00199849,0.00294178,0.00432938,0.00637058,inf	1254.83,1254.83,2434.77,5189.64,3609.38,2311.64,2034.58,1904.1,1823.18,1759.29,1760.6,1743.76,1612.88,1376.79,1071.23,790.868,630.719,622.639,630.541,630.541
0.000411004	-22033990.67	0,1.96221e-06,4.84866e-06,9.0947e-06,1.53407e-05,2.45287e-05,3.80444e-05,5.79264e-05,8.71731e-05,0.000130196,0.000193483,0.000286579,0.000423526,0.000624978,0.000921318,0.00135724,0.00199849,0.00294178,0.00432938,0.00637058,inf	1283.34,1283.34,2565.36,5291.19,3596.95,2310.27,2045.67,1914.04,1830.48,1764.57,1764.94,1746.8,1614.17,1375.95,1066.98,783.527,622.526,615.332,621.471,621.471
0.00042261	-22030828.59	0,1.96221e-06,4.84866e-06,9.0947e-06,1.53407e-05,2.45287e-05,3.80444e-05,5.79264e-05,8.71731e-05,0.000130196,0.000193483,0.000286579,0.000423526,0.000624978,0.000921318,0.00135724,0.00199849,0.00294178,0.00432938,0.00637058,inf	1312.8,1312.8,2702.07,5385.73,3581.93,2309.54,2056.97,1924.07,1837.82,1769.87,1769.19,1749.6,1615.22,1375,1062.88,776.598,614.855,608.514,612.745,612.745
0.000434205	-22027764.69	0,1.96221e-06,4.84866e-06,9.0947e-06,1.53407e-05,2.45287e-05,3.80444e-05,5.79264e-05,8.71731e-05,0.000130196,0.000193483,0.000286579,0.000423526,0.000624978,0.000921318,0.00135724,0.00199849,0.00294178,0.00432938,0.00637058,inf	1343.29,1343.29,2844.5,5473.2,3564.73,2309.44,2068.44,1934.17,1845.2,1775.19,1773.35,1752.21,1616.06,1373.94,1058.92,770.04,607.657,602.135,604.325,604.325
0.000445788	-22024793.17	0,1.96221e-06,4.84866e-06,9.0947e-06,1.53407e-05,2.45287e-05,3.80444e-05,5.79264e-05,8.71731e-05,0.000130196,0.000193483,0.000286579,0.000423526,0.000624978,0.000921318,0.00135724,0.00199849,0.00294178,0.00432938,0.00637058,inf	1374.7,1374.7,2992.23,5553.56,3545.74,2310,2080.04,1944.29,1852.59,1780.52,1777.44,1754.64,1616.7,1372.79,1055.09,763.818,600.885,596.155,596.181,596.181
0.000457359	-22021908.78	0,1.96221e-06,4.84866e-06,9.0947e-06,1.53407e-05,2.45287e-05,3.80444e-05,5.79264e-05,8.71731e-05,0.000130196,0.000193483,0.000286579,0.000423526,0.000624978,0.000921318,0.00135724,0.00199849,0.00294178,0.00432938,0.00637058,inf	1406.92,1406.92,3144.88,5626.82,3525.33,2311.18,2091.74,1954.43,1859.98,1785.86,1781.45,1756.92,1617.17,1371.55,1051.36,757.902,594.503,590.538,588.284,588.284
0.000468917	-22019106.70	0,1.96221e-06,4.84866e-06,9.0947e-06,1.53407e-05,2.45287e-05,3.80444e-05,5.79264e-05,8.71731e-05,0.000130196,0.000193483,0.000286579,0.000423526,0.000624978,0.000921318,0.00135724,0.00199849,0.00294178,0.00432938,0.00637058,inf	1439.96,1439.96,3302.07,5693.01,3503.84,2312.97,2103.54,1964.55,1867.36,1791.19,1785.4,1759.06,1617.49,1370.24,1047.73,752.267,588.475,585.251,580.612,580.612
0.000480462	-22016382.48	0,1.96221e-06,4.84866e-06,9.0947e-06,1.53407e-05,2.45287e-05,3.80444e-05,5.79264e-05,8.71731e-05,0.000130196,0.000193483,0.000286579,0.000423526,0.000624978,0.000921318,0.00135724,0.00199849,0.00294178,0.00432938,0.00637058,inf	1473.81,1473.81,3463.4,5752.34,3481.54,2315.37,2115.4,1974.66,1874.73,1796.52,1789.29,1761.07,1617.68,1368.86,1044.19,746.889,582.772,580.267,573.144,573.144
0.000491993	-22013732.06	0,1.96221e-06,4.84866e-06,9.0947e-06,1.53407e-05,2.45287e-05,3.80444e-05,5.79264e-05,8.71731e-05,0.000130196,0.000193483,0.000286579,0.000423526,0.000624978,0.000921318,0.00135724,0.00199849,0.00294178,0.00432938,0.00637058,inf	1508.4,1508.4,3628.45,5804.92,3458.69,2318.35,2127.3,1984.71,1882.06,1801.84,1793.12,1762.97,1617.74,1367.42,1040.74,741.749,577.368,575.561,565.862,565.862
0.000503509	-22011151.70	0,1.96221e-06,4.84866e-06,9.0947e-06,1.53407e-05,2.45287e-05,3.80444e-05,5.79264e-05,8.71731e-05,0.000130196,0.000193483,0.000286579,0.000423526,0.000624978,0.000921318,0.00135724,0.00199849,0.00294178,0.00432938,0.00637058,inf	1543.77,1543.77,3796.82,5850.93,3435.52,2321.9,2139.23,1994.72,1889.35,1807.15,1796.9,1764.78,1617.7,1365.92,1037.36,736.828,572.239,571.111,558.751,558.751
0.000515012	-22008637.90	0,1.96221e-06,4.84866e-06,9.0947e-06,1.53407e-05,2.45287e-05,3.80444e-05,5.79264e-05,8.71731e-05,0.000130196,0.000193483,0.000286579,0.000423526,0.000624978,0.000921318,0.00135724,0.00199849,0.00294178,0.00432938,0.00637058,inf	1579.97,1579.97,3968.13,5890.53,3412.24,2326,2151.17,2004.66,1896.6,1812.44,1800.63,1766.5,1617.57,1364.37,1034.06,732.112,567.365,566.899,551.798,551.798
0.0005265	-22006187.44	0,1.96221e-06,4.84866e-06,9.0947e-06,1.53407e-05,2.45287e-05,3.80444e-05,5.79264e-05,8.71731e-05,0.000130196,0.000193483,0.000286579,0.000423526,0.000624978,0.000921318,0.00135724,0.00199849,0.00294178,0.00432938,0.00637058,inf	1616.9,1616.9,4141.98,5923.97,3389,2330.61,2163.11,2014.52,1903.8,1817.7,1804.31,1768.13,1617.35,1362.78,1030.83,727.586,562.728,562.907,544.989,544.989
0.000537973	-22003797.37	0,1.96221e-06,4.84866e-06,9.0947e-06,1.53407e-05,2.45287e-05,3.80444e-05,5.79264e-05,8.71731e-05,0.000130196,0.000193483,0.000286579,0.000423526,0.000624978,0.000921318,0.00135724,0.00199849,0.00294178,0.00432938,0.00637058,inf	1654.69,1654.69,4317.95,5951.44,3365.98,2335.72,2175.04,2024.31,1910.95,1822.94,1807.94,1769.7,1617.05,1361.15,1027.67,723.238,558.311,559.12,538.316,538.316
0.000549431	-22001464.86	0,1.96221e-06,4.84866e-06,9.0947e-06,1.53407e-05,2.45287e-05,3.80444e-05,5.79264e-05,8.71731e-05,0.000130196,0.000193483,0.000286579,0.000423526,0.000624978,0.000921318,0.00135724,0.00199849,0.00294178,0.00432938,0.00637058,inf	1693.34,1693.34,4495.7,5973.22,3343.28,2341.29,2186.95,2034,1918.04,1828.15,1811.53,1771.2,1616.69,1359.49,1024.56,719.057,554.098,555.524,531.768,531.768
0.000560875	-21999187.34	0,1.96221e-06,4.84866e-06,9.0947e-06,1.53407e-05,2.45287e-05,3.80444e-05,5.79264e-05,8.71731e-05,0.000130196,0.000193483,0.000286579,0.000423526,0.000624978,0.000921318,0.00135724,0.00199849,0.00294178,0.00432938,0.00637058,inf	1732.87,1732.87,4674.84,5989.56,3321.03,2347.33,2198.83,2043.6,1925.06,1833.33,1815.08,1772.64,1616.27,1357.81,1021.52,715.033,550.078,552.106,525.338,525.338
0.000572305	-21996962.38	0,1.96221e-06,4.84866e-06,9.0947e-06,1.53407e-05,2.45287e-05,3.80444e-05,5.79264e-05,8.71731e-05,0.000130196,0.000193483,0.000286579,0.000423526,0.000624978,0.000921318,0.00135724,0.00199849,0.00294178,0.00432938,0.00637058,inf	1773.35,1773.35,4854.97,6000.78,3299.32,2353.79,2210.68,2053.1,1932.02,1838.48,1818.59,1774.03,1615.8,1356.09,1018.54,711.157,546.237,548.856,519.017,519.017
0.000583721	-21994787.71	0,1.96221e-06,4.84866e-06,9.0947e-06,1.53407e-05,2.45287e-05,3.80444e-05,5.79264e-05,8.71731e-05,0.000130196,0.000193483,0.000286579,0.000423526,0.000624978,0.000921318,0.00135724,0.00199849,0.00294178,0.00432938,0.00637058,inf	1814.8,1814.8,5035.73,6007.09,3278.23,2360.66,2222.49,2062.5,1938.91,1843.59,1822.05,1775.37,1615.28,1354.36,1015.61,707.421,542.565,545.763,512.8,512.8
0.000595122	-21992661.20	0,1.96221e-06,4.84866e-06,9.0947e-06,1.53407e-05,2.45287e-05,3.80444e-05,5.79264e-05,8.71731e-05,0.000130196,0.000193483,0.000286579,0.000423526,0.000624978,0.000921318,0.00135724,0.00199849,0.00294178,0.00432938,0.00637058,inf	1857.34,1857.34,5216.73,6008.78,3257.82,2367.92,2234.25,2071.79,1945.73,1848.67,1825.48,1776.67,1614.72,1352.61,1012.74,703.817,539.052,542.817,506.68,506.68
0.000606509	-21990580.86	0,1.96221e-06,4.84866e-06,9.0947e-06,1.53407e-05,2.45287e-05,3.80444e-05,5.79264e-05,8.71731e-05,0.000130196,0.000193483,0.000286579,0.000423526,0.000624978,0.000921318,0.00135724,0.00199849,0.00294178,0.00432938,0.00637058,inf	1900.98,1900.98,5397.69,6006.1,3238.14,2375.54,2245.95,2080.98,1952.49,1853.72,1828.87,1777.92,1614.12,1350.84,1009.92,700.339,535.689,540.012,500.652,500.652
0.000617883	-21988544.83	0,1.96221e-06,4.84866e-06,9.0947e-06,1.53407e-05,2.45287e-05,3.80444e-05,5.79264e-05,8.71731e-05,0.000130196,0.000193483,0.000286579,0.000423526,0.000624978,0.000921318,0.00135724,0.00199849,0.00294178,0.00432938,0.00637058,inf	1945.84,1945.84,5578.23,5999.41,3219.24,2383.51,2257.6,2090.05,1959.17,1858.72,1832.23,1779.14,1613.48,1349.06,1007.15,696.981,532.468,537.338,494.713,494.713
0.000629244	-21986551.33	0,1.96221e-06,4.84866e-06,9.0947e-06,1.53407e-05,2.45287e-05,3.80444e-05,5.79264e-05,8.71731e-05,0.000130196,0.000193483,0.000286579,0.000423526,0.000624978,0.000921318,0.00135724,0.00199849,0.00294178,0.00432938,0.00637058,inf	1991.9,1991.9,5757.95,5988.94,3201.14,2391.8,2269.19,2099.02,1965.78,1863.69,1835.55,1780.32,1612.82,1347.28,1004.43,693.737,529.38,534.79,488.856,488.856
0.000640591	-21984598.72	0,1.96221e-06,4.84866e-06,9.0947e-06,1.53407e-05,2.45287e-05,3.80444e-05,5.79264e-05,8.71731e-05,0.000130196,0.000193483,0.000286579,0.000423526,0.000624978,0.000921318,0.00135724,0.00199849,0.00294178,0.00432938,0.00637058,inf	2039.2,2039.2,5936.53,5974.94,3183.89,2400.4,2280.72,2107.87,1972.31,1868.62,1838.83,1781.47,1612.13,1345.48,1001.75,690.601,526.42,532.36,483.079,483.079
0.000651926	-21982685.43	0,1.96221e-06,4.84866e-06,9.0947e-06,1.53407e-05,2.45287e-05,3.80444e-05,5.79264e-05,8.71731e-05,0.000130196,0.000193483,0.000286579,0.000423526,0.000624978,0.000921318,0.00135724,0.00199849,0.00294178,0.00432938,0.00637058,inf	2087.84,2087.84,6113.69,5957.72,3167.49,2409.29,2292.18,2116.62,1978.78,1873.51,1842.08,1782.59,1611.42,1343.68,999.13,687.57,523.58,530.043,477.378,477.378
0.000663249	-21980809.97	0,1.96221e-06,4.84866e-06,9.0947e-06,1.53407e-05,2.45287e-05,3.80444e-05,5.79264e-05,8.71731e-05,0.000130196,0.000193483,0.000286579,0.000423526,0.000624978,0.000921318,0.00135724,0.00199849,0.00294178,0.00432938,0.00637058,inf	2137.87,2137.87,6289.14,5937.53,3151.95,2418.46,2303.57,2125.25,1985.17,1878.35,1845.3,1783.68,1610.69,1341.88,996.552,684.638,520.856,527.833,471.751,471.751
0.00067456	-21978970.95	0,1.96221e-06,4.84866e-06,9.0947e-06,1.53407e-05,2.45287e-05,3.80444e-05,5.79264e-05,8.71731e-05,0.000130196,0.000193483,0.000286579,0.000423526,0.000624978,0.000921318,0.00135724,0.00199849,0.00294178,0.00432938,0.00637058,inf	2189.33,2189.33,6462.51,5914.61,3137.29,2427.88,2314.88,2133.76,1991.49,1883.16,1848.48,1784.75,1609.93,1340.08,994.02,681.802,518.241,525.726,466.194,466.194
0.00068586	-21977167.04	0,1.96221e-06,4.84866e-06,9.0947e-06,1.53407e-05,2.45287e-05,3.80444e-05,5.79264e-05,8.71731e-05,0.000130196,0.000193483,0.000286579,0.000423526,0.000624978,0.000921318,0.00135724,0.00199849,0.00294178,0.00432938,0.00637058,inf	2242.32,2242.32,6633.59,5889.27,3123.5,2437.54,2326.12,2142.16,1997.74,1887.93,1851.63,1785.79,1609.17,1338.27,991.533,679.058,515.73,523.716,460.704,460.704
0.000697149	-21975396.99	0,1.96221e-06,4.84866e-06,9.0947e-06,1.53407e-05,2.45287e-05,3.80444e-05,5.79264e-05,8.71731e-05,0.000130196,0.000193483,0.000286579,0.000423526,0.000624978,0.000921318,0.00135724,0.00199849,0.00294178,0.00432938,0.00637058,inf	2296.86,2296.86,6802.09,5861.69,3110.6,2447.43,2337.29,2150.46,2003.92,1892.65,1854.75,1786.8,1608.38,1336.47,989.089,676.403,513.32,521.801,455.281,455.281
0.000708427	-21973659.62	0,1.96221e-06,4.84866e-06,9.0947e-06,1.53407e-05,2.45287e-05,3.80444e-05,5.79264e-05,8.71731e-05,0.000130196,0.000193483,0.000286579,0.000423526,0.000624978,0.000921318,0.00135724,0.00199849,0.00294178,0.00432938,0.00637058,inf	2352.93,2352.93,6967.73,5832.13,3098.57,2457.53,2348.37,2158.64,2010.02,1897.34,1857.84,1787.8,1607.58,1334.67,986.688,673.833,511.005,519.975,449.921,449.921
