0.000163756	-22331456.64	0,1.9556e-06,4.83232e-06,9.06404e-06,1.5289e-05,2.4446e-05,3.79162e-05,5.77311e-05,8.68792e-05,0.000129757,0.00019283,0.000285613,0.000422098,0.000622871,0.000918212,0.00135266,0.00199175,0.00293187,0.00431479,0.0063491,inf	1500.77,1500.77,2218.12,2445.6,2272.27,2045.73,1861.64,1727.48,1645.78,1599.36,1570.96,1551.49,1532.1,1504.71,1469.02,1426.7,1387.63,1363.56,1394.24,1394.24
0.00017306	-22315592.48	0,1.9556e-06,4.83232e-06,9.06404e-06,1.5289e-05,2.4446e-05,3.79162e-05,5.77311e-05,8.68792e-05,0.000129757,0.00019283,0.000285613,0.000422098,0.000622871,0.000918212,0.00135266,0.00199175,0.00293187,0.00431479,0.0063491,inf	1134.56,1134.56,2427.31,2978.86,2697.17,2315.5,2013.73,1799.38,1674.59,1606.61,1565.7,1536.12,1501.39,1447.66,1378.06,1300.83,1236.44,1204.21,1242.59,1242.59
0.000183124	-22303209.46	0,1.9556e-06,4.83232e-06,9.06404e-06,1.5289e-05,2.4446e-05,3.79162e-05,5.77311e-05,8.68792e-05,0.000129757,0.00019283,0.000285613,0.000422098,0.000622871,0.000918212,0.00135266,0.00199175,0.00293187,0.00431479,0.0063491,inf	818.92,818.92,2443.15,3298.64,2950.88,2471.82,2099.75,1839.41,1693.79,1617.89,1573.37,1539.45,1492.85,1415.25,1314.81,1208.21,1125.83,1091.3,1128.89,1128.89
0.000193685	-22292792.91	0,1.9556e-06,4.83232e-06,9.06404e-06,1.5289e-05,2.4446e-05,3.79162e-05,5.77311e-05,8.68792e-05,0.000129757,0.00019283,0.000285613,0.000422098,0.000622871,0.000918212,0.00135266,0.00199175,0.00293187,0.00431479,0.0063491,inf	602.218,602.218,2405.69,3509.07,3106.27,2562.69,2147.76,1860.64,1706.06,1629.25,1585.88,1551.25,1495.72,1397.11,1269.2,1137.61,1041.6,1007.09,1039.74,1039.74
0.000204585	-22283655.29	0,1.9556e-06,4.83232e-06,9.06404e-06,1.5289e-05,2.4446e-05,3.79162e-05,5.77311e-05,8.68792e-05,0.000129757,0.00019283,0.000285613,0.000422098,0.000622871,0.000918212,0.00135266,0.00199175,0.00293187,0.00431479,0.0063491,inf	461.32,461.32,2375.17,3672.58,3209.37,2617.92,2174.93,1871.29,1713.69,1639.26,1599.44,1566.25,1504.19,1387.43,1235.28,1082.27,975.454,941.87,967.161,967.161
0.000215723	-22275438.61	0,1.9556e-06,4.83232e-06,9.06404e-06,1.5289e-05,2.4446e-05,3.79162e-05,5.77311e-05,8.68792e-05,0.000129757,0.00019283,0.000285613,0.000422098,0.000622871,0.000918212,0.00135266,0.00199175,0.00293187,0.00431479,0.0063491,inf	369.707,369.707,2371.51,3819.08,3284.73,2654.03,2190.97,1876.24,1718.43,1647.66,1612.35,1581.84,1515.07,1382.8,1209.38,1037.84,922.225,889.886,906.207,906.207
0.000227033	-22267931.00	0,1.9556e-06,4.83232e-06,9.06404e-06,1.5289e-05,2.4446e-05,3.79162e-05,5.77311e-05,8.68792e-05,0.000129757,0.00019283,0.000285613,0.000422098,0.000622871,0.000918212,0.00135266,0.00199175,0.00293187,0.00431479,0.0063491,inf	309.051,309.051,2398.59,3960.58,3344.51,2679.72,2201.26,1878.33,1721.5,1654.63,1624.02,1596.74,1526.64,1381.17,1189.11,1001.48,878.527,847.51,853.698,853.698
0.000238468	-22260993.98	0,1.9556e-06,4.83232e-06,9.06404e-06,1.5289e-05,2.4446e-05,3.79162e-05,5.77311e-05,8.68792e-05,0.000129757,0.00019283,0.000285613,0.000422098,0.000622871,0.000918212,0.00135266,0.00199175,0.00293187,0.00431479,0.0063491,inf	268.024,268.024,2454.82,4100.62,3394.5,2699.52,2208.7,1879.23,1723.75,1660.5,1634.33,1610.43,1537.99,1381.29,1172.91,971.216,842.06,812.344,807.491,807.491
0.000249996	-22254530.27	0,1.9556e-06,4.83232e-06,9.06404e-06,1.5289e-05,2.4446e-05,3.79162e-05,5.77311e-05,8.68792e-05,0.000129757,0.00019283,0.000285613,0.000422098,0.000622871,0.000918212,0.00135266,0.00199175,0.00293187,0.00431479,0.0063491,inf	239.813,239.813,2537.38,4238.92,3437.34,2715.79,2214.87,1879.87,1725.72,1665.6,1643.41,1622.74,1548.65,1382.4,1159.7,945.659,811.205,782.737,766.097,766.097
0.000261596	-22248467.96	0,1.9556e-06,4.83232e-06,9.06404e-06,1.5289e-05,2.4446e-05,3.79162e-05,5.77311e-05,8.68792e-05,0.000129757,0.00019283,0.000285613,0.000422098,0.000622871,0.000918212,0.00135266,0.00199175,0.00293187,0.00431479,0.0063491,inf	220.258,220.258,2643.23,4373.85,3474.34,2729.75,2220.63,1880.75,1727.75,1670.19,1651.42,1633.71,1558.4,1384,1148.73,923.807,784.795,757.52,728.443,728.443
0.000273249	-22242751.82	0,1.9556e-06,4.83232e-06,9.06404e-06,1.5289e-05,2.4446e-05,3.79162e-05,5.77311e-05,8.68792e-05,0.000129757,0.00019283,0.000285613,0.000422098,0.000622871,0.000918212,0.00135266,0.00199175,0.00293187,0.00431479,0.0063491,inf	206.838,206.838,2769.9,4503.53,3506.2,2742.12,2226.41,1882.16,1730.05,1674.49,1658.56,1643.43,1567.18,1385.8,1139.47,904.919,761.966,735.841,693.738,693.738
0.000284944	-22237338.25	0,1.9556e-06,4.83232e-06,9.06404e-06,1.5289e-05,2.4446e-05,3.79162e-05,5.77311e-05,8.68792e-05,0.000129757,0.00019283,0.000285613,0.000422098,0.000622871,0.000918212,0.00135266,0.00199175,0.00293187,0.00431479,0.0063491,inf	197.896,197.896,2915.17,4626.26,3533.35,2753.3,2232.43,1884.19,1732.72,1678.64,1664.99,1652.04,1575,1387.61,1131.53,888.439,742.071,717.064,661.384,661.384
0.000296673	-22232191.86	0,1.9556e-06,4.83232e-06,9.06404e-06,1.5289e-05,2.4446e-05,3.79162e-05,5.77311e-05,8.68792e-05,0.000129757,0.00019283,0.000285613,0.000422098,0.000622871,0.000918212,0.00135266,0.00199175,0.00293187,0.00431479,0.0063491,inf	192.395,192.395,3077.22,4740.75,3556.22,2763.53,2238.79,1886.89,1735.81,1682.75,1670.87,1659.67,1581.9,1389.3,1124.63,873.943,724.611,700.708,630.918,630.918
0.00030843	-22227283.55	0,1.9556e-06,4.83232e-06,9.06404e-06,1.5289e-05,2.4446e-05,3.79162e-05,5.77311e-05,8.68792e-05,0.000129757,0.00019283,0.000285613,0.000422098,0.000622871,0.000918212,0.00135266,0.00199175,0.00293187,0.00431479,0.0063491,inf	189.635,189.635,3254.33,4846.07,3575.22,2773.03,2245.52,1890.24,1739.33,1686.87,1676.3,1666.46,1587.97,1390.83,1118.55,861.104,709.201,686.403,601.979,601.979
0.000320212	-22222588.86	0,1.9556e-06,4.83232e-06,9.06404e-06,1.5289e-05,2.4446e-05,3.79162e-05,5.77311e-05,8.68792e-05,0.000129757,0.00019283,0.000285613,0.000422098,0.000622871,0.000918212,0.00135266,0.00199175,0.00293187,0.00431479,0.0063491,inf	189.154,189.154,3444.83,4941.72,3590.73,2781.94,2252.62,1894.21,1743.27,1691.06,1681.38,1672.51,1593.26,1392.15,1113.15,849.668,695.54,673.86,574.277,574.277
0.000332018	-22218087.10	0,1.9556e-06,4.83232e-06,9.06404e-06,1.5289e-05,2.4446e-05,3.79162e-05,5.77311e-05,8.68792e-05,0.000129757,0.00019283,0.000285613,0.000422098,0.000622871,0.000918212,0.00135266,0.00199175,0.00293187,0.00431479,0.0063491,inf	190.703,190.703,3647.29,5027.56,3603.16,2790.38,2260.07,1898.72,1747.59,1695.33,1686.18,1677.93,1597.86,1393.26,1108.29,839.433,683.389,662.851,547.579,547.579
0.000343848	-22213760.65	0,1.9556e-06,4.83232e-06,9.06404e-06,1.5289e-05,2.4446e-05,3.79162e-05,5.77311e-05,8.68792e-05,0.000129757,0.00019283,0.000285613,0.000422098,0.000622871,0.000918212,0.00135266,0.00199175,0.00293187,0.00431479,0.0063491,inf	194.083,194.083,3860.14,5103.65,3612.9,2798.48,2267.84,1903.73,1752.26,1699.7,1690.77,1682.81,1601.85,1394.15,1103.9,830.242,672.556,653.196,521.695,521.695
0.000355704	-22209594.34	0,1.9556e-06,4.83232e-06,9.06404e-06,1.5289e-05,2.4446e-05,3.79162e-05,5.77311e-05,8.68792e-05,0.000129757,0.00019283,0.000285613,0.000422098,0.000622871,0.000918212,0.00135266,0.00199175,0.00293187,0.00431479,0.0063491,inf	199.209,199.209,4081.98,5170.33,3620.32,2806.32,2275.88,1909.16,1757.25,1704.18,1695.18,1687.23,1605.29,1394.83,1099.9,821.969,662.89,644.755,496.471,496.471
0.00036759	-22205575.18	0,1.9556e-06,4.83232e-06,9.06404e-06,1.5289e-05,2.4446e-05,3.79162e-05,5.77311e-05,8.68792e-05,0.000129757,0.00019283,0.000285613,0.000422098,0.000622871,0.000918212,0.00135266,0.00199175,0.00293187,0.00431479,0.0063491,inf	206.019,206.019,4311.39,5228.05,3625.75,2813.97,2284.17,1914.99,1762.52,1708.75,1699.45,1691.24,1608.25,1395.32,1096.24,814.513,654.269,637.414,471.781,471.781
0.000379513	-22201692.17	0,1.9556e-06,4.83232e-06,9.06404e-06,1.5289e-05,2.4446e-05,3.79162e-05,5.77311e-05,8.68792e-05,0.000129757,0.00019283,0.000285613,0.000422098,0.000622871,0.000918212,0.00135266,0.00199175,0.00293187,0.00431479,0.0063491,inf	214.611,214.611,4547.17,5277.41,3629.5,2821.54,2292.67,1921.14,1768.03,1713.42,1703.62,1694.9,1610.78,1395.64,1092.9,807.796,646.596,631.085,447.525,447.525
0.00039148	-22197936.09	0,1.9556e-06,4.83232e-06,9.06404e-06,1.5289e-05,2.4446e-05,3.79162e-05,5.77311e-05,8.68792e-05,0.000129757,0.00019283,0.000285613,0.000422098,0.000622871,0.000918212,0.00135266,0.00199175,0.00293187,0.00431479,0.0063491,inf	225.003,225.003,4788.08,5319.03,3631.88,2829.07,2301.36,1927.58,1773.76,1718.17,1707.69,1698.27,1612.94,1395.81,1089.83,801.755,639.793,625.702,423.628,423.628
0.000403501	-22194299.66	0,1.9556e-06,4.83232e-06,9.06404e-06,1.5289e-05,2.4446e-05,3.79162e-05,5.77311e-05,8.68792e-05,0.000129757,0.00019283,0.000285613,0.000422098,0.000622871,0.000918212,0.00135266,0.00199175,0.00293187,0.00431479,0.0063491,inf	237.308,237.308,5033.03,5353.57,3633.1,2836.61,2310.2,1934.26,1779.66,1723.01,1711.69,1701.37,1614.78,1395.85,1087.04,796.344,633.802,621.216,400.035,400.035
0.000415589	-22190777.52	0,1.9556e-06,4.83232e-06,9.06404e-06,1.5289e-05,2.4446e-05,3.79162e-05,5.77311e-05,8.68792e-05,0.000129757,0.00019283,0.000285613,0.000422098,0.000622871,0.000918212,0.00135266,0.00199175,0.00293187,0.00431479,0.0063491,inf	251.635,251.635,5281.17,5381.71,3633.41,2844.21,2319.17,1941.15,1785.73,1727.92,1715.63,1704.25,1616.33,1395.78,1084.49,791.525,628.578,617.594,376.718,376.718
0.000427758	-22187366.56	0,1.9556e-06,4.83232e-06,9.06404e-06,1.5289e-05,2.4446e-05,3.79162e-05,5.77311e-05,8.68792e-05,0.000129757,0.00019283,0.000285613,0.000422098,0.000622871,0.000918212,0.00135266,0.00199175,0.00293187,0.00431479,0.0063491,inf	268.201,268.201,5531.59,5404.09,3633,2851.92,2328.26,1948.22,1791.94,1732.9,1719.53,1706.94,1617.63,1395.62,1082.2,787.274,624.089,614.821,353.672,353.672
0.000440026	-22184066.28	0,1.9556e-06,4.83232e-06,9.06404e-06,1.5289e-05,2.4446e-05,3.79162e-05,5.77311e-05,8.68792e-05,0.000129757,0.00019283,0.000285613,0.000422098,0.000622871,0.000918212,0.00135266,0.00199175,0.00293187,0.00431479,0.0063491,inf	287.172,287.172,5783.61,5421.36,3632.02,2859.76,2337.46,1955.46,1798.27,1737.94,1723.39,1709.45,1618.72,1395.4,1080.15,783.572,620.315,612.893,330.922,330.922
0.000452411	-22180879.13	0,1.9556e-06,4.83232e-06,9.06404e-06,1.5289e-05,2.4446e-05,3.79162e-05,5.77311e-05,8.68792e-05,0.000129757,0.00019283,0.000285613,0.000422098,0.000622871,0.000918212,0.00135266,0.00199175,0.00293187,0.00431479,0.0063491,inf	308.779,308.779,6036.61,5434.1,3630.65,2867.77,2346.73,1962.83,1804.7,1743.03,1727.21,1711.82,1619.63,1395.13,1078.36,780.409,617.246,611.826,308.521,308.521
0.000464936	-22177811.07	0,1.9556e-06,4.83232e-06,9.06404e-06,1.5289e-05,2.4446e-05,3.79162e-05,5.77311e-05,8.68792e-05,0.000129757,0.00019283,0.000285613,0.000422098,0.000622871,0.000918212,0.00135266,0.00199175,0.00293187,0.00431479,0.0063491,inf	333.247,333.247,6290.12,5442.83,3629,2875.97,2356.08,1970.32,1811.23,1748.17,1731,1714.05,1620.37,1394.84,1076.82,777.778,614.88,611.651,286.556,286.556
0.000477622	-22174871.88	0,1.9556e-06,4.83232e-06,9.06404e-06,1.5289e-05,2.4446e-05,3.79162e-05,5.77311e-05,8.68792e-05,0.000129757,0.00019283,0.000285613,0.000422098,0.000622871,0.000918212,0.00135266,0.00199175,0.00293187,0.00431479,0.0063491,inf	360.867,360.867,6543.69,5448.03,3627.2,2884.39,2365.51,1977.93,1817.83,1753.36,1734.76,1716.16,1620.97,1394.53,1075.54,775.678,613.223,612.418,265.145,265.145
0.000490491	-22172075.27	0,1.9556e-06,4.83232e-06,9.06404e-06,1.5289e-05,2.4446e-05,3.79162e-05,5.77311e-05,8.68792e-05,0.000129757,0.00019283,0.000285613,0.000422098,0.000622871,0.000918212,0.00135266,0.00199175,0.00293187,0.00431479,0.0063491,inf	391.925,391.925,6796.99,5450.15,3625.33,2893.03,2375,1985.62,1824.5,1758.57,1738.48,1718.14,1621.42,1394.2,1074.51,774.103,612.284,614.197,244.435,244.435
0.000503562	-22169438.26	0,1.9556e-06,4.83232e-06,9.06404e-06,1.5289e-05,2.4446e-05,3.79162e-05,5.77311e-05,8.68792e-05,0.000129757,0.00019283,0.000285613,0.000422098,0.000622871,0.000918212,0.00135266,0.00199175,0.00293187,0.00431479,0.0063491,inf	426.758,426.758,7049.64,5449.56,3623.49,2901.93,2384.55,1993.41,1831.22,1763.79,1742.15,1719.99,1621.74,1393.86,1073.72,773.046,612.074,617.074,224.59,224.59
0.00051685	-22166979.68	0,1.9556e-06,4.83232e-06,9.06404e-06,1.5289e-05,2.4446e-05,3.79162e-05,5.77311e-05,8.68792e-05,0.000129757,0.00019283,0.000285613,0.000422098,0.000622871,0.000918212,0.00135266,0.00199175,0.00293187,0.00431479,0.0063491,inf	465.698,465.698,7301.35,5446.6,3621.73,2911.07,2394.16,2001.26,1837.97,1769.02,1745.75,1721.69,1621.89,1393.47,1073.15,772.493,612.601,621.157,205.778,205.778
0.000530362	-22164717.72	0,1.9556e-06,4.83232e-06,9.06404e-06,1.5289e-05,2.4446e-05,3.79162e-05,5.77311e-05,8.68792e-05,0.000129757,0.00019283,0.000285613,0.000422098,0.000622871,0.000918212,0.00135266,0.00199175,0.00293187,0.00431479,0.0063491,inf	509.137,509.137,7551.73,5441.53,3620.1,2920.47,2403.81,2009.17,1844.74,1774.22,1749.27,1723.22,1621.86,1393.01,1072.77,772.414,613.863,626.563,188.151,188.151
0.000544096	-22162666.52	0,1.9556e-06,4.83232e-06,9.06404e-06,1.5289e-05,2.4446e-05,3.79162e-05,5.77311e-05,8.68792e-05,0.000129757,0.00019283,0.000285613,0.000422098,0.000622871,0.000918212,0.00135266,0.00199175,0.00293187,0.00431479,0.0063491,inf	557.466,557.466,7800.22,5434.52,3618.64,2930.11,2413.5,2017.13,1851.51,1779.38,1752.66,1724.55,1621.59,1392.42,1072.51,772.769,615.846,633.413,171.829,171.829
0.000558041	-22160832.76	0,1.9556e-06,4.83232e-06,9.06404e-06,1.5289e-05,2.4446e-05,3.79162e-05,5.77311e-05,8.68792e-05,0.000129757,0.00019283,0.000285613,0.000422098,0.000622871,0.000918212,0.00135266,0.00199175,0.00293187,0.00431479,0.0063491,inf	611.131,611.131,8046.28,5425.79,3617.37,2939.99,2423.23,2025.12,1858.27,1784.47,1755.9,1725.64,1621.05,1391.65,1072.32,773.495,618.515,641.822,156.88,156.88
0.000572179	-22159213.15	0,1.9556e-06,4.83232e-06,9.06404e-06,1.5289e-05,2.4446e-05,3.79162e-05,5.77311e-05,8.68792e-05,0.000129757,0.00019283,0.000285613,0.000422098,0.000622871,0.000918212,0.00135266,0.00199175,0.00293187,0.00431479,0.0063491,inf	670.551,670.551,8289.19,5415.47,3616.32,2950.11,2432.99,2033.15,1865.01,1789.49,1758.98,1726.44,1620.19,1390.62,1072.11,774.514,621.817,651.884,143.32,143.32
0.000586483	-22157793.93	0,1.9556e-06,4.83232e-06,9.06404e-06,1.5289e-05,2.4446e-05,3.79162e-05,5.77311e-05,8.68792e-05,0.000129757,0.00019283,0.000285613,0.000422098,0.000622871,0.000918212,0.00135266,0.00199175,0.00293187,0.00431479,0.0063491,inf	736.187,736.187,8528.11,5403.59,3615.49,2960.45,2442.81,2041.22,1871.73,1794.43,1761.86,1726.94,1618.94,1389.25,1071.78,775.734,625.676,663.664,131.11,131.11
0.000600922	-22156552.49	0,1.9556e-06,4.83232e-06,9.06404e-06,1.5289e-05,2.4446e-05,3.79162e-05,5.77311e-05,8.68792e-05,0.000129757,0.00019283,0.000285613,0.000422098,0.000622871,0.000918212,0.00135266,0.00199175,0.00293187,0.00431479,0.0063491,inf	808.462,808.462,8762.05,5390.29,3614.91,2971.02,2452.69,2049.35,1878.44,1799.28,1764.54,1727.1,1617.26,1387.49,1071.24,777.055,629.999,677.197,120.173,120.173
0.000615463	-22155460.51	0,1.9556e-06,4.83232e-06,9.06404e-06,1.5289e-05,2.4446e-05,3.79162e-05,5.77311e-05,8.68792e-05,0.000129757,0.00019283,0.000285613,0.000422098,0.000622871,0.000918212,0.00135266,0.00199175,0.00293187,0.00431479,0.0063491,inf	887.801,887.801,8989.94,5375.64,3614.56,2981.82,2462.65,2057.56,1885.17,1804.06,1767.03,1726.92,1615.14,1385.26,1070.41,778.373,634.678,692.479,110.401,110.401
0.000630072	-22154487.87	0,1.9556e-06,4.83232e-06,9.06404e-06,1.5289e-05,2.4446e-05,3.79162e-05,5.77311e-05,8.68792e-05,0.000129757,0.00019283,0.000285613,0.000422098,0.000622871,0.000918212,0.00135266,0.00199175,0.00293187,0.00431479,0.0063491,inf	974.625,974.625,9210.71,5359.71,3614.48,2992.85,2472.73,2065.87,1891.93,1808.8,1769.35,1726.42,1612.55,1382.52,1069.2,779.591,639.601,709.478,101.674,101.674
0.000644718	-22153605.74	0,1.9556e-06,4.83232e-06,9.06404e-06,1.5289e-05,2.4446e-05,3.79162e-05,5.77311e-05,8.68792e-05,0.000129757,0.00019283,0.000285613,0.000422098,0.000622871,0.000918212,0.00135266,0.00199175,0.00293187,0.00431479,0.0063491,inf	1069.16,1069.16,9423.22,5342.51,3614.64,3004.11,2482.93,2074.31,1898.77,1813.53,1771.52,1725.6,1609.5,1379.25,1067.56,780.618,644.656,728.136,93.8715,93.8715
0.00065937	-22152788.92	0,1.9556e-06,4.83232e-06,9.06404e-06,1.5289e-05,2.4446e-05,3.79162e-05,5.77311e-05,8.68792e-05,0.000129757,0.00019283,0.000285613,0.000422098,0.000622871,0.000918212,0.00135266,0.00199175,0.00293187,0.00431479,0.0063491,inf	1171.63,1171.63,9626.42,5324.19,3615.05,3015.56,2493.27,2082.91,1905.7,1818.28,1773.58,1724.5,1606,1375.44,1065.45,781.378,649.734,748.376,86.876,86.876
0.000674003	-22152016.66	0,1.9556e-06,4.83232e-06,9.06404e-06,1.5289e-05,2.4446e-05,3.79162e-05,5.77311e-05,8.68792e-05,0.000129757,0.00019283,0.000285613,0.000422098,0.000622871,0.000918212,0.00135266,0.00199175,0.00293187,0.00431479,0.0063491,inf	1282.17,1282.17,9819.42,5304.83,3615.72,3027.23,2503.78,2091.69,1912.78,1823.1,1775.56,1723.15,1602.08,1371.1,1062.82,781.811,654.737,770.109,80.5829,80.5829
