0.000160213	-21471263.92	0,1.93177e-06,4.77345e-06,8.95361e-06,1.51027e-05,2.41482e-05,3.74543e-05,5.70278e-05,8.58208e-05,0.000128176,0.000190481,0.000282134,0.000416956,0.000615283,0.000907025,0.00133618,0.00196749,0.00289615,0.00426222,0.00627175,inf	953.076,953.076,1866.25,2120.28,2154.01,1984.1,1886.1,1779.05,1693.07,1635.02,1599.83,1578.42,1556.99,1529.76,1495.56,1453.29,1409.6,1387.36,1384.54,1384.54
0.000167798	-21457690.48	0,1.93177e-06,4.77345e-06,8.95361e-06,1.51027e-05,2.41482e-05,3.74543e-05,5.70278e-05,8.58208e-05,0.000128176,0.000190481,0.000282134,0.000416956,0.000615283,0.000907025,0.00133618,0.00196749,0.00289615,0.00426222,0.00627175,inf	492.329,492.329,1853.57,2376.45,2483.49,2194.16,2056.28,1883.05,1741.62,1648.84,1595.74,1563.97,1526.65,1473.89,1406.67,1328.82,1257.11,1228.43,1229.8,1229.8
0.00017614	-21447125.45	0,1.93177e-06,4.77345e-06,8.95361e-06,1.51027e-05,2.41482e-05,3.74543e-05,5.70278e-05,8.58208e-05,0.000128176,0.000190481,0.000282134,0.000416956,0.000615283,0.000907025,0.00133618,0.00196749,0.00289615,0.00426222,0.00627175,inf	246.736,246.736,1758.83,2502.15,2682.35,2308.71,2165.89,1952.26,1774.68,1661.6,1601.2,1566.19,1517.29,1441.44,1343.63,1235.37,1144,1114.77,1121.67,1121.67
0.000184996	-21438330.39	0,1.93177e-06,4.77345e-06,8.95361e-06,1.51027e-05,2.41482e-05,3.74543e-05,5.70278e-05,8.58208e-05,0.000128176,0.000190481,0.000282134,0.000416956,0.000615283,0.000907025,0.00133618,0.00196749,0.00289615,0.00426222,0.00627175,inf	125.125,125.125,1663.43,2576.06,2809.68,2369.24,2238.68,1998.79,1796.3,1671.48,1610.13,1576.44,1519.35,1423.11,1297.52,1163.05,1057.01,1029.44,1041.56,1041.56
0.000194216	-21430695.31	0,1.93177e-06,4.77345e-06,8.95361e-06,1.51027e-05,2.41482e-05,3.74543e-05,5.70278e-05,8.58208e-05,0.000128176,0.000190481,0.000282134,0.000416956,0.000615283,0.000907025,0.00133618,0.00196749,0.00289615,0.00426222,0.00627175,inf	65.3522,65.3522,1594.2,2638.99,2901.01,2401.33,2290.2,2031.05,1809.93,1678.23,1619.59,1590.07,1527.43,1413.4,1262.87,1105.66,988.17,963.031,979.701,979.701
0.000203699	-21423887.38	0,1.93177e-06,4.77345e-06,8.95361e-06,1.51027e-05,2.41482e-05,3.74543e-05,5.70278e-05,8.58208e-05,0.000128176,0.000190481,0.000282134,0.000416956,0.000615283,0.000907025,0.00133618,0.00196749,0.00289615,0.00426222,0.00627175,inf	35.3638,35.3638,1555.37,2708.44,2974.42,2419.18,2329.84,2054.56,1818.15,1682.29,1628.31,1604.6,1538.4,1408.97,1236.18,1059.15,932.442,909.875,930.434,930.434
0.000213379	-21417706.58	0,1.93177e-06,4.77345e-06,8.95361e-06,1.51027e-05,2.41482e-05,3.74543e-05,5.70278e-05,8.58208e-05,0.000128176,0.000190481,0.000282134,0.000416956,0.000615283,0.000907025,0.00133618,0.00196749,0.00289615,0.00426222,0.00627175,inf	19.8491,19.8491,1543.93,2790.24,3038.12,2430.25,2363,2072.75,1822.82,1684.26,1635.85,1618.78,1550.48,1407.77,1215.15,1020.77,886.463,866.359,890.242,890.242
0.000223208	-21412022.60	0,1.93177e-06,4.77345e-06,8.95361e-06,1.51027e-05,2.41482e-05,3.74543e-05,5.70278e-05,8.58208e-05,0.000128176,0.000190481,0.000282134,0.000416956,0.000615283,0.000907025,0.00133618,0.00196749,0.00289615,0.00426222,0.00627175,inf	11.5298,11.5298,1555.31,2884.99,3095.26,2438.34,2392.73,2087.77,1825.24,1684.72,1642.18,1632.04,1562.64,1408.47,1198.22,988.579,847.913,830.069,856.818,856.818
0.000233151	-21406745.27	0,1.93177e-06,4.77345e-06,8.95361e-06,1.51027e-05,2.41482e-05,3.74543e-05,5.70278e-05,8.58208e-05,0.000128176,0.000190481,0.000282134,0.000416956,0.000615283,0.000907025,0.00133618,0.00196749,0.00289615,0.00426222,0.00627175,inf	6.91932,6.91932,1585.41,2991.08,3146.76,2445.33,2420.68,2100.88,1826.29,1684.16,1647.45,1644.16,1574.34,1410.25,1184.31,961.201,815.141,799.332,828.58,828.58
0.000243183	-21401809.11	0,1.93177e-06,4.77345e-06,8.95361e-06,1.51027e-05,2.41482e-05,3.74543e-05,5.70278e-05,8.58208e-05,0.000128176,0.000190481,0.000282134,0.000416956,0.000615283,0.000907025,0.00133618,0.00196749,0.00289615,0.00426222,0.00627175,inf	4.28209,4.28209,1630.93,3106.26,3192.59,2452.12,2447.74,2112.89,1826.54,1682.99,1651.85,1655.13,1585.29,1412.57,1172.66,937.618,786.943,772.948,804.404,804.404
0.000253284	-21397164.83	0,1.93177e-06,4.77345e-06,8.95361e-06,1.51027e-05,2.41482e-05,3.74543e-05,5.70278e-05,8.58208e-05,0.000128176,0.000190481,0.000282134,0.000416956,0.000615283,0.000907025,0.00133618,0.00196749,0.00289615,0.00426222,0.00627175,inf	2.68875,2.68875,1689.4,3228.19,3232.56,2459.12,2474.37,2124.22,1826.37,1681.48,1655.57,1665,1595.36,1415.09,1162.72,917.072,762.42,750.039,783.469,783.469
0.00026344	-21392774.22	0,1.93177e-06,4.77345e-06,8.95361e-06,1.51027e-05,2.41482e-05,3.74543e-05,5.70278e-05,8.58208e-05,0.000128176,0.000190481,0.000282134,0.000416956,0.000615283,0.000907025,0.00133618,0.00196749,0.00289615,0.00426222,0.00627175,inf	1.73665,1.73665,1759.03,3354.63,3266.52,2466.51,2500.77,2135.15,1826.03,1679.84,1658.78,1673.88,1604.51,1417.59,1154.08,898.986,740.889,729.942,765.159,765.159
0.000273637	-21388606.97	0,1.93177e-06,4.77345e-06,8.95361e-06,1.51027e-05,2.41482e-05,3.74543e-05,5.70278e-05,8.58208e-05,0.000128176,0.000190481,0.000282134,0.000416956,0.000615283,0.000907025,0.00133618,0.00196749,0.00289615,0.00426222,0.00627175,inf	1.62552,1.62552,1838.6,3483.64,3294.47,2474.33,2527.03,2145.81,1825.67,1678.21,1661.64,1681.89,1612.76,1419.94,1146.45,882.916,721.822,712.155,749.003,749.003
0.000283868	-21384638.53	0,1.93177e-06,4.77345e-06,8.95361e-06,1.51027e-05,2.41482e-05,3.74543e-05,5.70278e-05,8.58208e-05,0.000128176,0.000190481,0.000282134,0.000416956,0.000615283,0.000907025,0.00133618,0.00196749,0.00289615,0.00426222,0.00627175,inf	1.62552,1.62552,1927.02,3613.54,3316.52,2482.6,2553.15,2156.28,1825.38,1676.69,1664.24,1689.15,1620.17,1422.05,1139.61,868.516,704.808,696.283,734.636,734.636
0.000294123	-21380848.68	0,1.93177e-06,4.77345e-06,8.95361e-06,1.51027e-05,2.41482e-05,3.74543e-05,5.70278e-05,8.58208e-05,0.000128176,0.000190481,0.000282134,0.000416956,0.000615283,0.000907025,0.00133618,0.00196749,0.00289615,0.00426222,0.00627175,inf	1.62552,1.62552,2023.81,3742.85,3333.02,2491.32,2579.12,2166.57,1825.2,1675.35,1666.69,1695.76,1626.8,1423.88,1133.38,855.51,689.519,682.018,721.768,721.768
0.000304397	-21377220.48	0,1.93177e-06,4.77345e-06,8.95361e-06,1.51027e-05,2.41482e-05,3.74543e-05,5.70278e-05,8.58208e-05,0.000128176,0.000190481,0.000282134,0.000416956,0.000615283,0.000907025,0.00133618,0.00196749,0.00289615,0.00426222,0.00627175,inf	1.62552,1.62552,2128.52,3870.34,3344.35,2500.46,2604.92,2176.69,1825.16,1674.21,1669.06,1701.82,1632.7,1425.41,1127.64,843.681,675.692,669.113,710.168,710.168
0.000314685	-21373739.62	0,1.93177e-06,4.77345e-06,8.95361e-06,1.51027e-05,2.41482e-05,3.74543e-05,5.70278e-05,8.58208e-05,0.000128176,0.000190481,0.000282134,0.000416956,0.000615283,0.000907025,0.00133618,0.00196749,0.00289615,0.00426222,0.00627175,inf	1.62552,1.62552,2240.88,3994.95,3350.96,2510.02,2630.48,2186.64,1825.26,1673.31,1671.39,1707.4,1637.95,1426.64,1122.3,832.854,663.115,657.368,699.65,699.65
0.000324982	-21370393.84	0,1.93177e-06,4.77345e-06,8.95361e-06,1.51027e-05,2.41482e-05,3.74543e-05,5.70278e-05,8.58208e-05,0.000128176,0.000190481,0.000282134,0.000416956,0.000615283,0.000907025,0.00133618,0.00196749,0.00289615,0.00426222,0.00627175,inf	1.62552,1.62552,2360.72,4115.81,3353.34,2519.98,2655.78,2196.38,1825.5,1672.64,1673.72,1712.58,1642.61,1427.56,1117.27,822.883,651.613,646.62,690.061,690.061
0.000335284	-21367172.49	0,1.93177e-06,4.77345e-06,8.95361e-06,1.51027e-05,2.41482e-05,3.74543e-05,5.70278e-05,8.58208e-05,0.000128176,0.000190481,0.000282134,0.000416956,0.000615283,0.000907025,0.00133618,0.00196749,0.00289615,0.00426222,0.00627175,inf	1.62552,1.62552,2487.83,4232.07,3351.99,2530.33,2680.78,2205.91,1825.88,1672.22,1676.09,1717.42,1646.74,1428.2,1112.49,813.653,641.044,636.736,681.275,681.275
0.000345588	-21364066.35	0,1.93177e-06,4.77345e-06,8.95361e-06,1.51027e-05,2.41482e-05,3.74543e-05,5.70278e-05,8.58208e-05,0.000128176,0.000190481,0.000282134,0.000416956,0.000615283,0.000907025,0.00133618,0.00196749,0.00289615,0.00426222,0.00627175,inf	1.62552,1.62552,2622.19,4343.14,3347.39,2541.04,2705.44,2215.21,1826.38,1672.03,1678.5,1721.96,1650.39,1428.56,1107.93,805.067,631.289,627.604,673.186,673.186
0.000355891	-21361067.23	0,1.93177e-06,4.77345e-06,8.95361e-06,1.51027e-05,2.41482e-05,3.74543e-05,5.70278e-05,8.58208e-05,0.000128176,0.000190481,0.000282134,0.000416956,0.000615283,0.000907025,0.00133618,0.00196749,0.00289615,0.00426222,0.00627175,inf	1.62552,1.62552,2763.63,4448.5,3340.01,2552.13,2729.75,2224.26,1826.99,1672.06,1680.98,1726.25,1653.61,1428.67,1103.54,797.044,622.247,619.131,665.709,665.709
0.000366192	-21358167.93	0,1.93177e-06,4.77345e-06,8.95361e-06,1.51027e-05,2.41482e-05,3.74543e-05,5.70278e-05,8.58208e-05,0.000128176,0.000190481,0.000282134,0.000416956,0.000615283,0.000907025,0.00133618,0.00196749,0.00289615,0.00426222,0.00627175,inf	1.62552,1.62552,2912.02,4547.69,3330.29,2563.57,2753.68,2233.05,1827.7,1672.32,1683.54,1730.33,1656.45,1428.54,1099.3,789.516,613.835,611.239,658.767,658.767
0.000376488	-21355361.94	0,1.93177e-06,4.77345e-06,8.95361e-06,1.51027e-05,2.41482e-05,3.74543e-05,5.70278e-05,8.58208e-05,0.000128176,0.000190481,0.000282134,0.000416956,0.000615283,0.000907025,0.00133618,0.00196749,0.00289615,0.00426222,0.00627175,inf	1.62552,1.62552,3067.2,4640.37,3318.62,2575.35,2777.22,2241.56,1828.49,1672.78,1686.18,1734.22,1658.95,1428.19,1095.18,782.428,605.982,603.861,652.3,652.3
0.000386777	-21352643.50	0,1.93177e-06,4.77345e-06,8.95361e-06,1.51027e-05,2.41482e-05,3.74543e-05,5.70278e-05,8.58208e-05,0.000128176,0.000190481,0.000282134,0.000416956,0.000615283,0.000907025,0.00133618,0.00196749,0.00289615,0.00426222,0.00627175,inf	1.62552,1.62552,3229.08,4726.33,3305.38,2587.5,2800.36,2249.8,1829.35,1673.44,1688.9,1737.94,1661.15,1427.64,1091.18,775.731,598.626,596.942,646.252,646.252
0.000397058	-21350007.39	0,1.93177e-06,4.77345e-06,8.95361e-06,1.51027e-05,2.41482e-05,3.74543e-05,5.70278e-05,8.58208e-05,0.000128176,0.000190481,0.000282134,0.000416956,0.000615283,0.000907025,0.00133618,0.00196749,0.00289615,0.00426222,0.00627175,inf	1.62552,1.62552,3397.42,4805.34,3290.86,2599.98,2823.08,2257.76,1830.27,1674.28,1691.7,1741.54,1663.06,1426.9,1087.26,769.384,591.715,590.432,640.578,640.578
0.000407329	-21347448.89	0,1.93177e-06,4.77345e-06,8.95361e-06,1.51027e-05,2.41482e-05,3.74543e-05,5.70278e-05,8.58208e-05,0.000128176,0.000190481,0.000282134,0.000416956,0.000615283,0.000907025,0.00133618,0.00196749,0.00289615,0.00426222,0.00627175,inf	1.62552,1.62552,3572.01,4877.34,3275.37,2612.79,2845.38,2265.42,1831.25,1675.29,1694.59,1745,1664.73,1425.99,1083.43,763.352,585.204,584.289,635.239,635.239
0.00041759	-21344963.68	0,1.93177e-06,4.77345e-06,8.95361e-06,1.51027e-05,2.41482e-05,3.74543e-05,5.70278e-05,8.58208e-05,0.000128176,0.000190481,0.000282134,0.000416956,0.000615283,0.000907025,0.00133618,0.00196749,0.00289615,0.00426222,0.00627175,inf	1.62552,1.62552,3752.6,4942.3,3259.18,2625.93,2867.26,2272.8,1832.27,1676.47,1697.56,1748.37,1666.17,1424.93,1079.67,757.604,579.055,578.478,630.201,630.201
0.000427839	-21342547.86	0,1.93177e-06,4.77345e-06,8.95361e-06,1.51027e-05,2.41482e-05,3.74543e-05,5.70278e-05,8.58208e-05,0.000128176,0.000190481,0.000282134,0.000416956,0.000615283,0.000907025,0.00133618,0.00196749,0.00289615,0.00426222,0.00627175,inf	1.62552,1.62552,3938.89,5000.19,3242.54,2639.39,2888.73,2279.89,1833.33,1677.79,1700.62,1751.64,1667.41,1423.73,1075.97,752.115,573.233,572.967,625.432,625.432
0.000438075	-21340197.81	0,1.93177e-06,4.77345e-06,8.95361e-06,1.51027e-05,2.41482e-05,3.74543e-05,5.70278e-05,8.58208e-05,0.000128176,0.000190481,0.000282134,0.000416956,0.000615283,0.000907025,0.00133618,0.00196749,0.00289615,0.00426222,0.00627175,inf	1.62552,1.62552,4130.55,5051.1,3225.63,2653.16,2909.77,2286.7,1834.42,1679.26,1703.74,1754.82,1668.47,1422.41,1072.34,746.862,567.708,567.728,620.908,620.908
0.000448298	-21337910.25	0,1.93177e-06,4.77345e-06,8.95361e-06,1.51027e-05,2.41482e-05,3.74543e-05,5.70278e-05,8.58208e-05,0.000128176,0.000190481,0.000282134,0.000416956,0.000615283,0.000907025,0.00133618,0.00196749,0.00289615,0.00426222,0.00627175,inf	1.62552,1.62552,4327.23,5095.14,3208.62,2667.23,2930.38,2293.23,1835.53,1680.86,1706.94,1757.93,1669.37,1420.97,1068.76,741.825,562.455,562.738,616.605,616.605
0.000458507	-21335682.10	0,1.93177e-06,4.77345e-06,8.95361e-06,1.51027e-05,2.41482e-05,3.74543e-05,5.70278e-05,8.58208e-05,0.000128176,0.000190481,0.000282134,0.000416956,0.000615283,0.000907025,0.00133618,0.00196749,0.00289615,0.00426222,0.00627175,inf	1.62552,1.62552,4528.62,5132.51,3191.67,2681.6,2950.58,2299.47,1836.67,1682.59,1710.21,1760.98,1670.12,1419.43,1065.23,736.986,557.451,557.974,612.504,612.504
0.000468701	-21333510.56	0,1.93177e-06,4.77345e-06,8.95361e-06,1.51027e-05,2.41482e-05,3.74543e-05,5.70278e-05,8.58208e-05,0.000128176,0.000190481,0.000282134,0.000416956,0.000615283,0.000907025,0.00133618,0.00196749,0.00289615,0.00426222,0.00627175,inf	1.62552,1.62552,4734.33,5163.38,3174.92,2696.26,2970.36,2305.45,1837.82,1684.43,1713.55,1763.96,1670.73,1417.8,1061.75,732.331,552.674,553.419,608.586,608.586
0.000478879	-21331393.04	0,1.93177e-06,4.77345e-06,8.95361e-06,1.51027e-05,2.41482e-05,3.74543e-05,5.70278e-05,8.58208e-05,0.000128176,0.000190481,0.000282134,0.000416956,0.000615283,0.000907025,0.00133618,0.00196749,0.00289615,0.00426222,0.00627175,inf	1.62552,1.62552,4943.91,5187.94,3158.47,2711.2,2989.73,2311.15,1838.99,1686.37,1716.95,1766.9,1671.23,1416.08,1058.32,727.844,548.107,549.054,604.836,604.836
0.000489042	-21329327.11	0,1.93177e-06,4.77345e-06,8.95361e-06,1.51027e-05,2.41482e-05,3.74543e-05,5.70278e-05,8.58208e-05,0.000128176,0.000190481,0.000282134,0.000416956,0.000615283,0.000907025,0.00133618,0.00196749,0.00289615,0.00426222,0.00627175,inf	1.62552,1.62552,5157.04,5206.46,3142.43,2726.4,3008.7,2316.6,1840.17,1688.42,1720.4,1769.78,1671.61,1414.29,1054.93,723.515,543.735,544.866,601.239,601.239
0.000499188	-21327310.51	0,1.93177e-06,4.77345e-06,8.95361e-06,1.51027e-05,2.41482e-05,3.74543e-05,5.70278e-05,8.58208e-05,0.000128176,0.000190481,0.000282134,0.000416956,0.000615283,0.000907025,0.00133618,0.00196749,0.00289615,0.00426222,0.00627175,inf	1.62552,1.62552,5373.26,5219.2,3126.86,2741.86,3027.27,2321.8,1841.35,1690.56,1723.91,1772.61,1671.88,1412.43,1051.59,719.333,539.541,540.841,597.785,597.785
0.000509317	-21325341.15	0,1.93177e-06,4.77345e-06,8.95361e-06,1.51027e-05,2.41482e-05,3.74543e-05,5.70278e-05,8.58208e-05,0.000128176,0.000190481,0.000282134,0.000416956,0.000615283,0.000907025,0.00133618,0.00196749,0.00289615,0.00426222,0.00627175,inf	1.62552,1.62552,5592.21,5226.45,3111.85,2757.57,3045.44,2326.74,1842.54,1692.79,1727.47,1775.4,1672.07,1410.52,1048.29,715.287,535.514,536.968,594.46,594.46
0.000519429	-21323417.08	0,1.93177e-06,4.77345e-06,8.95361e-06,1.51027e-05,2.41482e-05,3.74543e-05,5.70278e-05,8.58208e-05,0.000128176,0.000190481,0.000282134,0.000416956,0.000615283,0.000907025,0.00133618,0.00196749,0.00289615,0.00426222,0.00627175,inf	1.62552,1.62552,5813.5,5228.52,3097.44,2773.52,3063.23,2331.45,1843.74,1695.11,1731.08,1778.15,1672.17,1408.55,1045.03,711.37,531.643,533.235,591.256,591.256
0.000529523	-21321536.46	0,1.93177e-06,4.77345e-06,8.95361e-06,1.51027e-05,2.41482e-05,3.74543e-05,5.70278e-05,8.58208e-05,0.000128176,0.000190481,0.000282134,0.000416956,0.000615283,0.000907025,0.00133618,0.00196749,0.00289615,0.00426222,0.00627175,inf	1.62552,1.62552,6036.74,5225.64,3083.69,2789.69,3080.62,2335.92,1844.94,1697.5,1734.73,1780.86,1672.2,1406.53,1041.8,707.573,527.915,529.633,588.163,588.163
0.000539599	-21319697.56	0,1.93177e-06,4.77345e-06,8.95361e-06,1.51027e-05,2.41482e-05,3.74543e-05,5.70278e-05,8.58208e-05,0.000128176,0.000190481,0.000282134,0.000416956,0.000615283,0.000907025,0.00133618,0.00196749,0.00289615,0.00426222,0.00627175,inf	1.62552,1.62552,6261.54,5218.16,3070.6,2806.07,3097.64,2340.16,1846.14,1699.97,1738.42,1783.54,1672.15,1404.47,1038.62,703.889,524.323,526.153,585.173,585.173
0.000549656	-21317898.77	0,1.93177e-06,4.77345e-06,8.95361e-06,1.51027e-05,2.41482e-05,3.74543e-05,5.70278e-05,8.58208e-05,0.000128176,0.000190481,0.000282134,0.000416956,0.000615283,0.000907025,0.00133618,0.00196749,0.00289615,0.00426222,0.00627175,inf	1.62552,1.62552,6487.61,5206.36,3058.23,2822.66,3114.29,2344.18,1847.34,1702.5,1742.15,1786.18,1672.04,1402.38,1035.47,700.312,520.856,522.788,582.279,582.279
0.000559695	-21316138.57	0,1.93177e-06,4.77345e-06,8.95361e-06,1.51027e-05,2.41482e-05,3.74543e-05,5.70278e-05,8.58208e-05,0.000128176,0.000190481,0.000282134,0.000416956,0.000615283,0.000907025,0.00133618,0.00196749,0.00289615,0.00426222,0.00627175,inf	1.62552,1.62552,6714.61,5190.55,3046.6,2839.44,3130.56,2347.99,1848.55,1705.1,1745.91,1788.79,1671.87,1400.26,1032.36,696.836,517.508,519.529,579.475,579.475
0.000569715	-21314415.54	0,1.93177e-06,4.77345e-06,8.95361e-06,1.51027e-05,2.41482e-05,3.74543e-05,5.70278e-05,8.58208e-05,0.000128176,0.000190481,0.000282134,0.000416956,0.000615283,0.000907025,0.00133618,0.00196749,0.00289615,0.00426222,0.00627175,inf	1.62552,1.62552,6942.17,5171.02,3035.71,2856.39,3146.46,2351.6,1849.75,1707.77,1749.71,1791.37,1671.64,1398.1,1029.29,693.456,514.272,516.372,576.754,576.754
0.000579716	-21312728.33	0,1.93177e-06,4.77345e-06,8.95361e-06,1.51027e-05,2.41482e-05,3.74543e-05,5.70278e-05,8.58208e-05,0.000128176,0.000190481,0.000282134,0.000416956,0.000615283,0.000907025,0.00133618,0.00196749,0.00289615,0.00426222,0.00627175,inf	1.62552,1.62552,7170.02,5148.03,3025.58,2873.51,3162.01,2355,1850.95,1710.49,1753.53,1793.92,1671.36,1395.93,1026.26,690.166,511.14,513.309,574.111,574.111
0.000589697	-21311075.67	0,1.93177e-06,4.77345e-06,8.95361e-06,1.51027e-05,2.41482e-05,3.74543e-05,5.70278e-05,8.58208e-05,0.000128176,0.000190481,0.000282134,0.000416956,0.000615283,0.000907025,0.00133618,0.00196749,0.00289615,0.00426222,0.00627175,inf	1.62552,1.62552,7397.9,5121.89,3016.2,2890.78,3177.2,2358.21,1852.16,1713.26,1757.38,1796.44,1671.04,1393.73,1023.26,686.963,508.107,510.335,571.541,571.541
0.000599659	-21309456.36	0,1.93177e-06,4.77345e-06,8.95361e-06,1.51027e-05,2.41482e-05,3.74543e-05,5.70278e-05,8.58208e-05,0.000128176,0.000190481,0.000282134,0.000416956,0.000615283,0.000907025,0.00133618,0.00196749,0.00289615,0.00426222,0.00627175,inf	1.62552,1.62552,7625.51,5092.87,3007.57,2908.19,3192.03,2361.23,1853.37,1716.09,1761.25,1798.92,1670.67,1391.51,1020.29,683.841,505.167,507.445,569.039,569.039
0.000609601	-21307869.24	0,1.93177e-06,4.77345e-06,8.95361e-06,1.51027e-05,2.41482e-05,3.74543e-05,5.70278e-05,8.58208e-05,0.000128176,0.000190481,0.000282134,0.000416956,0.000615283,0.000907025,0.00133618,0.00196749,0.00289615,0.00426222,0.00627175,inf	1.62552,1.62552,7852.66,5061.22,2999.7,2925.74,3206.52,2364.08,1854.57,1718.96,1765.14,1801.38,1670.26,1389.29,1017.36,680.798,502.315,504.636,566.602,566.602
0.000619523	-21306313.24	0,1.93177e-06,4.77345e-06,8.95361e-06,1.51027e-05,2.41482e-05,3.74543e-05,5.70278e-05,8.58208e-05,0.000128176,0.000190481,0.000282134,0.000416956,0.000615283,0.000907025,0.00133618,0.00196749,0.00289615,0.00426222,0.00627175,inf	1.62552,1.62552,8079.1,5027.17,2992.6,2943.38,3220.65,2366.74,1855.78,1721.88,1769.06,1803.82,1669.82,1387.05,1014.47,677.83,499.547,501.901,564.225,564.225
0.000629425	-21304787.34	0,1.93177e-06,4.77345e-06,8.95361e-06,1.51027e-05,2.41482e-05,3.74543e-05,5.70278e-05,8.58208e-05,0.000128176,0.000190481,0.000282134,0.000416956,0.000615283,0.000907025,0.00133618,0.00196749,0.00289615,0.00426222,0.00627175,inf	1.62552,1.62552,8304.64,4991,2986.21,2961.13,3234.45,2369.24,1856.98,1724.85,1772.99,1806.22,1669.34,1384.8,1011.6,674.933,496.859,499.239,561.905,561.905
0.000639306	-21303290.56	0,1.93177e-06,4.77345e-06,8.95361e-06,1.51027e-05,2.41482e-05,3.74543e-05,5.70278e-05,8.58208e-05,0.000128176,0.000190481,0.000282134,0.000416956,0.000615283,0.000907025,0.00133618,0.00196749,0.00289615,0.00426222,0.00627175,inf	1.62552,1.62552,8529.09,4952.91,2980.55,2978.96,3247.9,2371.58,1858.19,1727.85,1776.93,1808.6,1668.83,1382.54,1008.78,672.104,494.245,496.644,559.639,559.639
0.000649167	-21301821.98	0,1.93177e-06,4.77345e-06,8.95361e-06,1.51027e-05,2.41482e-05,3.74543e-05,5.70278e-05,8.58208e-05,0.000128176,0.000190481,0.000282134,0.000416956,0.000615283,0.000907025,0.00133618,0.00196749,0.00289615,0.00426222,0.00627175,inf	1.62552,1.62552,8752.31,4913.1,2975.57,2996.87,3261.02,2373.76,1859.4,1730.9,1780.89,1810.96,1668.29,1380.28,1005.98,669.341,491.703,494.114,557.424,557.424
0.000659008	-21300380.71	0,1.93177e-06,4.77345e-06,8.95361e-06,1.51027e-05,2.41482e-05,3.74543e-05,5.70278e-05,8.58208e-05,0.000128176,0.000190481,0.000282134,0.000416956,0.000615283,0.000907025,0.00133618,0.00196749,0.00289615,0.00426222,0.00627175,inf	1.62552,1.62552,8974.1,4871.79,2971.29,3014.84,3273.81,2375.79,1860.61,1733.98,1784.86,1813.28,1667.72,1378.01,1003.22,666.641,489.23,491.646,555.258,555.258
0.000668827	-21298965.93	0,1.93177e-06,4.77345e-06,8.95361e-06,1.51027e-05,2.41482e-05,3.74543e-05,5.70278e-05,8.58208e-05,0.000128176,0.000190481,0.000282134,0.000416956,0.000615283,0.000907025,0.00133618,0.00196749,0.00289615,0.00426222,0.00627175,inf	1.62552,1.62552,9194.34,4829.16,2967.69,3032.86,3286.26,2377.68,1861.82,1737.1,1788.85,1815.58,1667.12,1375.75,1000.5,664.002,486.821,489.237,553.137,553.137
0.000678626	-21297576.81	0,1.93177e-06,4.77345e-06,8.95361e-06,1.51027e-05,2.41482e-05,3.74543e-05,5.70278e-05,8.58208e-05,0.000128176,0.000190481,0.000282134,0.000416956,0.000615283,0.000907025,0.00133618,0.00196749,0.00289615,0.00426222,0.00627175,inf	1.62552,1.62552,9412.95,4785.4,2964.74,3050.92,3298.4,2379.42,1863.04,1740.25,1792.84,1817.86,1666.51,1373.48,997.802,661.42,484.475,486.884,551.059,551.059
0.000688404	-21296212.60	0,1.93177e-06,4.77345e-06,8.95361e-06,1.51027e-05,2.41482e-05,3.74543e-05,5.70278e-05,8.58208e-05,0.000128176,0.000190481,0.000282134,0.000416956,0.000615283,0.000907025,0.00133618,0.00196749,0.00289615,0.00426222,0.00627175,inf	1.62552,1.62552,9629.84,4740.67,2962.42,3069.01,3310.22,2381.03,1864.26,1743.44,1796.83,1820.11,1665.86,1371.22,995.139,658.895,482.187,484.584,549.022,549.022
0.000698161	-21294872.56	0,1.93177e-06,4.77345e-06,8.95361e-06,1.51027e-05,2.41482e-05,3.74543e-05,5.70278e-05,8.58208e-05,0.000128176,0.000190481,0.000282134,0.000416956,0.000615283,0.000907025,0.00133618,0.00196749,0.00289615,0.00426222,0.00627175,inf	1.62552,1.62552,9844.9,4695.14,2960.72,3087.1,3321.72,2382.51,1865.49,1746.65,1800.84,1822.34,1665.2,1368.95,992.509,656.423,479.957,482.336,547.025,547.025
0.000707896	-21293555.99	0,1.93177e-06,4.77345e-06,8.95361e-06,1.51027e-05,2.41482e-05,3.74543e-05,5.70278e-05,8.58208e-05,0.000128176,0.000190481,0.000282134,0.000416956,0.000615283,0.000907025,0.00133618,0.00196749,0.00289615,0.00426222,0.00627175,inf	1.62552,1.62552,10058.1,4648.91,2959.6,3105.19,3332.91,2383.87,1866.72,1749.9,1804.84,1824.54,1664.52,1366.7,989.909,654.003,477.781,480.138,545.065,545.065
0.00071761	-21292262.24	0,1.93177e-06,4.77345e-06,8.95361e-06,1.51027e-05,2.41482e-05,3.74543e-05,5.70278e-05,8.58208e-05,0.000128176,0.000190481,0.000282134,0.000416956,0.000615283,0.000907025,0.00133618,0.00196749,0.00289615,0.00426222,0.00627175,inf	2.82938,2.82938,10269.3,4602.17,2959.06,3123.27,3343.78,2385.1,1867.95,1753.17,1808.85,1826.72,1663.82,1364.44,987.341,651.634,475.657,477.986,543.141,543.141
0.000727304	-21290990.48	0,1.93177e-06,4.77345e-06,8.95361e-06,1.51027e-05,2.41482e-05,3.74543e-05,5.70278e-05,8.58208e-05,0.000128176,0.000190481,0.000282134,0.000416956,0.000615283,0.000907025,0.00133618,0.00196749,0.00289615,0.00426222,0.00627175,inf	5.07955,5.07955,10477.3,4554.95,2959.05,3141.32,3354.34,2386.23,1869.19,1756.47,1812.87,1828.87,1663.1,1362.2,984.804,649.313,473.583,475.88,541.251,541.251
0.000736976	-21289740.06	0,1.93177e-06,4.77345e-06,8.95361e-06,1.51027e-05,2.41482e-05,3.74543e-05,5.70278e-05,8.58208e-05,0.000128176,0.000190481,0.000282134,0.000416956,0.000615283,0.000907025,0.00133618,0.00196749,0.00289615,0.00426222,0.00627175,inf	9.32661,9.32661,10681.1,4507.4,2959.56,3159.35,3364.61,2387.24,1870.44,1759.8,1816.88,1831,1662.37,1359.95,982.297,647.039,471.556,473.817,539.393,539.393
0.000746628	-21288510.20	0,1.93177e-06,4.77345e-06,8.95361e-06,1.51027e-05,2.41482e-05,3.74543e-05,5.70278e-05,8.58208e-05,0.000128176,0.000190481,0.000282134,0.000416956,0.000615283,0.000907025,0.00133618,0.00196749,0.00289615,0.00426222,0.00627175,inf	17.2749,17.2749,10879.1,4459.65,2960.59,3177.35,3374.58,2388.15,1871.69,1763.16,1820.9,1833.1,1661.63,1357.72,979.821,644.811,469.576,471.797,537.566,537.566
0.00075626	-21287299.99	0,1.93177e-06,4.77345e-06,8.95361e-06,1.51027e-05,2.41482e-05,3.74543e-05,5.70278e-05,8.58208e-05,0.000128176,0.000190481,0.000282134,0.000416956,0.000615283,0.000907025,0.00133618,0.00196749,0.00289615,0.00426222,0.00627175,inf	31.6733,31.6733,11068.7,4411.82,2962.17,3195.32,3384.27,2388.97,1872.96,1766.53,1824.92,1835.19,1660.87,1355.5,977.374,642.627,467.641,469.817,535.77,535.77
0.000765872	-21286108.46	0,1.93177e-06,4.77345e-06,8.95361e-06,1.51027e-05,2.41482e-05,3.74543e-05,5.70278e-05,8.58208e-05,0.000128176,0.000190481,0.000282134,0.000416956,0.000615283,0.000907025,0.00133618,0.00196749,0.00289615,0.00426222,0.00627175,inf	55.7368,55.7368,11246.4,4364.13,2964.26,3213.27,3393.7,2389.7,1874.24,1769.94,1828.94,1837.25,1660.1,1353.28,974.958,640.485,465.748,467.876,534.002,534.002
0.000775466	-21284934.81	0,1.93177e-06,4.77345e-06,8.95361e-06,1.51027e-05,2.41482e-05,3.74543e-05,5.70278e-05,8.58208e-05,0.000128176,0.000190481,0.000282134,0.000416956,0.000615283,0.000907025,0.00133618,0.00196749,0.00289615,0.00426222,0.00627175,inf	91.5536,91.5536,11409.9,4316.81,2966.95,3231.24,3402.88,2390.35,1875.53,1773.37,1832.95,1839.29,1659.31,1351.08,972.57,638.385,463.897,465.973,532.262,532.262
0.000785042	-21283778.73	0,1.93177e-06,4.77345e-06,8.95361e-06,1.51027e-05,2.41482e-05,3.74543e-05,5.70278e-05,8.58208e-05,0.000128176,0.000190481,0.000282134,0.000416956,0.000615283,0.000907025,0.00133618,0.00196749,0.00289615,0.00426222,0.00627175,inf	138.863,138.863,11559.6,4270.17,2970.31,3249.27,3411.86,2390.93,1876.84,1776.82,1836.97,1841.31,1658.52,1348.89,970.212,636.325,462.086,464.107,530.548,530.548
0.000794599	-21282640.22	0,1.93177e-06,4.77345e-06,8.95361e-06,1.51027e-05,2.41482e-05,3.74543e-05,5.70278e-05,8.58208e-05,0.000128176,0.000190481,0.000282134,0.000416956,0.000615283,0.000907025,0.00133618,0.00196749,0.00289615,0.00426222,0.00627175,inf	195.889,195.889,11697,4224.56,2974.41,3267.37,3420.63,2391.46,1878.17,1780.29,1840.98,1843.3,1657.71,1346.7,967.882,634.304,460.312,462.275,528.859,528.859
0.000804137	-21281519.19	0,1.93177e-06,4.77345e-06,8.95361e-06,1.51027e-05,2.41482e-05,3.74543e-05,5.70278e-05,8.58208e-05,0.000128176,0.000190481,0.000282134,0.000416956,0.000615283,0.000907025,0.00133618,0.00196749,0.00289615,0.00426222,0.00627175,inf	260.742,260.742,11824,4180.12,2979.24,3285.57,3429.21,2391.92,1879.51,1783.79,1844.99,1845.27,1656.9,1344.53,965.58,632.32,458.576,460.478,527.195,527.195
0.000813621	-21280415.41	0,1.93177e-06,4.77345e-06,8.95361e-06,1.51027e-05,2.41482e-05,3.74543e-05,5.70278e-05,8.58208e-05,0.000128176,0.000190481,0.000282134,0.000416956,0.000615283,0.000907025,0.00133618,0.00196749,0.00289615,0.00426222,0.00627175,inf	332.007,332.007,11945.7,4138.23,2985.7,3304.79,3438.54,2391.16,1875.44,1781.7,1848.71,1847.12,1656.04,1342.35,963.292,630.365,456.871,458.709,525.551,525.551
0.000823135	-21279330.73	0,1.93177e-06,4.77345e-06,8.95361e-06,1.51027e-05,2.41482e-05,3.74543e-05,5.70278e-05,8.58208e-05,0.000128176,0.000190481,0.000282134,0.000416956,0.000615283,0.000907025,0.00133618,0.00196749,0.00289615,0.00426222,0.00627175,inf	408.329,408.329,12057.7,4097.94,2993.48,3324.96,3448.67,2392.74,1877.6,1785.8,1853.14,1849.33,1655.37,1340.29,961.084,628.469,455.211,456.981,523.936,523.936
0.000832622	-21278259.95	0,1.93177e-06,4.77345e-06,8.95361e-06,1.51027e-05,2.41482e-05,3.74543e-05,5.70278e-05,8.58208e-05,0.000128176,0.000190481,0.000282134,0.000416956,0.000615283,0.000907025,0.00133618,0.00196749,0.00289615,0.00426222,0.00627175,inf	488.92,488.92,12157.2,4057.24,3000.75,3344.04,3457.56,2393.69,1879.44,1789.68,1857.38,1851.4,1654.62,1338.18,958.878,626.597,453.58,455.28,522.341,522.341
0.000842087	-21277205.39	0,1.93177e-06,4.77345e-06,8.95361e-06,1.51027e-05,2.41482e-05,3.74543e-05,5.70278e-05,8.58208e-05,0.000128176,0.000190481,0.000282134,0.000416956,0.000615283,0.000907025,0.00133618,0.00196749,0.00289615,0.00426222,0.00627175,inf	573.244,573.244,12249,4017.36,3008.21,3362.62,3465.75,2394.28,1881.12,1793.46,1861.52,1853.37,1653.81,1336.07,956.685,624.753,451.979,453.607,520.765,520.765
0.00085153	-21276166.56	0,1.93177e-06,4.77345e-06,8.95361e-06,1.51027e-05,2.41482e-05,3.74543e-05,5.70278e-05,8.58208e-05,0.000128176,0.000190481,0.000282134,0.000416956,0.000615283,0.000907025,0.00133618,0.00196749,0.00289615,0.00426222,0.00627175,inf	660.9,660.9,12335,3978.8,3016.14,3380.96,3473.46,2394.66,1882.71,1797.18,1865.6,1855.28,1652.96,1333.95,954.511,622.938,450.408,451.962,519.209,519.209
0.000860952	-21275143.03	0,1.93177e-06,4.77345e-06,8.95361e-06,1.51027e-05,2.41482e-05,3.74543e-05,5.70278e-05,8.58208e-05,0.000128176,0.000190481,0.000282134,0.000416956,0.000615283,0.000907025,0.00133618,0.00196749,0.00289615,0.00426222,0.00627175,inf	751.437,751.437,12415.9,3941.64,3024.61,3399.19,3480.81,2394.89,1884.24,1800.86,1869.63,1857.14,1652.1,1331.84,952.36,621.154,448.866,450.346,517.672,517.672
0.000870355	-21274134.41	0,1.93177e-06,4.77345e-06,8.95361e-06,1.51027e-05,2.41482e-05,3.74543e-05,5.70278e-05,8.58208e-05,0.000128176,0.000190481,0.000282134,0.000416956,0.000615283,0.000907025,0.00133618,0.00196749,0.00289615,0.00426222,0.00627175,inf	844.506,844.506,12491.9,3905.9,3033.65,3417.32,3487.85,2394.99,1885.75,1804.53,1873.63,1858.97,1651.22,1329.74,950.232,619.4,447.354,448.756,516.154,516.154
0.000879738	-21273140.30	0,1.93177e-06,4.77345e-06,8.95361e-06,1.51027e-05,2.41482e-05,3.74543e-05,5.70278e-05,8.58208e-05,0.000128176,0.000190481,0.000282134,0.000416956,0.000615283,0.000907025,0.00133618,0.00196749,0.00289615,0.00426222,0.00627175,inf	939.732,939.732,12563.3,3871.57,3043.26,3435.39,3494.6,2395,1887.24,1808.19,1877.6,1860.76,1650.32,1327.65,948.128,617.677,445.87,447.192,514.655,514.655
0.000889102	-21272160.37	0,1.93177e-06,4.77345e-06,8.95361e-06,1.51027e-05,2.41482e-05,3.74543e-05,5.70278e-05,8.58208e-05,0.000128176,0.000190481,0.000282134,0.000416956,0.000615283,0.000907025,0.00133618,0.00196749,0.00289615,0.00426222,0.00627175,inf	1036.86,1036.86,12630,3838.58,3053.41,3453.39,3501.1,2394.93,1888.72,1811.85,1881.56,1862.52,1649.42,1325.57,946.05,615.982,444.414,445.655,513.173,513.173
0.000898447	-21271194.25	0,1.93177e-06,4.77345e-06,8.95361e-06,1.51027e-05,2.41482e-05,3.74543e-05,5.70278e-05,8.58208e-05,0.000128176,0.000190481,0.000282134,0.000416956,0.000615283,0.000907025,0.00133618,0.00196749,0.00289615,0.00426222,0.00627175,inf	1135.64,1135.64,12692.4,3806.92,3064.06,3471.31,3507.32,2394.77,1890.2,1815.51,1885.49,1864.26,1648.52,1323.5,943.995,614.317,442.984,444.142,511.708,511.708
0.000907772	-21270241.65	0,1.93177e-06,4.77345e-06,8.95361e-06,1.51027e-05,2.41482e-05,3.74543e-05,5.70278e-05,8.58208e-05,0.000128176,0.000190481,0.000282134,0.000416956,0.000615283,0.000907025,0.00133618,0.00196749,0.00289615,0.00426222,0.00627175,inf	1235.82,1235.82,12750.4,3776.52,3075.21,3489.14,3513.31,2394.55,1891.67,1819.17,1889.41,1865.98,1647.6,1321.44,941.965,612.679,441.581,442.654,510.26,510.26
0.000917078	-21269302.24	0,1.93177e-06,4.77345e-06,8.95361e-06,1.51027e-05,2.41482e-05,3.74543e-05,5.70278e-05,8.58208e-05,0.000128176,0.000190481,0.000282134,0.000416956,0.000615283,0.000907025,0.00133618,0.00196749,0.00289615,0.00426222,0.00627175,inf	1337.18,1337.18,12804.4,3747.37,3086.83,3506.88,3519.04,2394.26,1893.14,1822.84,1893.32,1867.67,1646.68,1319.4,939.959,611.069,440.203,441.189,508.828,508.828
0.000926366	-21268375.72	0,1.93177e-06,4.77345e-06,8.95361e-06,1.51027e-05,2.41482e-05,3.74543e-05,5.70278e-05,8.58208e-05,0.000128176,0.000190481,0.000282134,0.000416956,0.000615283,0.000907025,0.00133618,0.00196749,0.00289615,0.00426222,0.00627175,inf	1439.56,1439.56,12854.5,3719.39,3098.9,3524.53,3524.54,2393.91,1894.62,1826.51,1897.2,1869.33,1645.76,1317.37,937.977,609.486,438.849,439.748,507.412,507.412
0.000935634	-21267461.79	0,1.93177e-06,4.77345e-06,8.95361e-06,1.51027e-05,2.41482e-05,3.74543e-05,5.70278e-05,8.58208e-05,0.000128176,0.000190481,0.000282134,0.000416956,0.000615283,0.000907025,0.00133618,0.00196749,0.00289615,0.00426222,0.00627175,inf	1542.81,1542.81,12900.9,3692.6,3111.39,3542.06,3529.81,2393.5,1896.1,1830.18,1901.08,1870.98,1644.83,1315.36,936.018,607.929,437.52,438.329,506.011,506.011
0.000944884	-21266560.17	0,1.93177e-06,4.77345e-06,8.95361e-06,1.51027e-05,2.41482e-05,3.74543e-05,5.70278e-05,8.58208e-05,0.000128176,0.000190481,0.000282134,0.000416956,0.000615283,0.000907025,0.00133618,0.00196749,0.00289615,0.00426222,0.00627175,inf	1646.76,1646.76,12943.7,3666.91,3124.28,3559.49,3534.84,2393.04,1897.59,1833.86,1904.94,1872.6,1643.9,1313.36,934.082,606.397,436.214,436.932,504.625,504.625
0.000954114	-21265670.60	0,1.93177e-06,4.77345e-06,8.95361e-06,1.51027e-05,2.41482e-05,3.74543e-05,5.70278e-05,8.58208e-05,0.000128176,0.000190481,0.000282134,0.000416956,0.000615283,0.000907025,0.00133618,0.00196749,0.00289615,0.00426222,0.00627175,inf	1751.26,1751.26,12983.2,3642.36,3137.57,3576.79,3539.65,2392.53,1899.09,1837.55,1908.79,1874.2,1642.96,1311.37,932.169,604.89,434.931,435.556,503.253,503.253
0.000963326	-21264792.79	0,1.93177e-06,4.77345e-06,8.95361e-06,1.51027e-05,2.41482e-05,3.74543e-05,5.70278e-05,8.58208e-05,0.000128176,0.000190481,0.000282134,0.000416956,0.000615283,0.000907025,0.00133618,0.00196749,0.00289615,0.00426222,0.00627175,inf	1856.14,1856.14,13019.5,3618.87,3151.23,3593.97,3544.23,2391.97,1900.59,1841.24,1912.62,1875.79,1642.02,1309.4,930.278,603.408,433.669,434.201,501.895,501.895
0.00097252	-21263926.50	0,1.93177e-06,4.77345e-06,8.95361e-06,1.51027e-05,2.41482e-05,3.74543e-05,5.70278e-05,8.58208e-05,0.000128176,0.000190481,0.000282134,0.000416956,0.000615283,0.000907025,0.00133618,0.00196749,0.00289615,0.00426222,0.00627175,inf	1961.32,1961.32,13052.8,3596.39,3165.23,3611.01,3548.59,2391.37,1902.1,1844.94,1916.43,1877.35,1641.08,1307.44,928.409,601.949,432.429,432.866,500.55,500.55
0.000981694	-21263071.47	0,1.93177e-06,4.77345e-06,8.95361e-06,1.51027e-05,2.41482e-05,3.74543e-05,5.70278e-05,8.58208e-05,0.000128176,0.000190481,0.000282134,0.000416956,0.000615283,0.000907025,0.00133618,0.00196749,0.00289615,0.00426222,0.00627175,inf	2066.69,2066.69,13083.3,3574.93,3179.59,3627.92,3552.74,2390.72,1903.62,1848.64,1920.24,1878.89,1640.14,1305.5,926.561,600.513,431.21,431.552,499.219,499.219
0.00099085	-21262227.49	0,1.93177e-06,4.77345e-06,8.95361e-06,1.51027e-05,2.41482e-05,3.74543e-05,5.70278e-05,8.58208e-05,0.000128176,0.000190481,0.000282134,0.000416956,0.000615283,0.000907025,0.00133618,0.00196749,0.00289615,0.00426222,0.00627175,inf	2172.12,2172.12,13111.1,3554.45,3194.25,3644.68,3556.68,2390.04,1905.15,1852.35,1924.03,1880.41,1639.19,1303.57,924.735,599.1,430.012,430.256,497.9,497.9
0.000999987	-21261394.29	0,1.93177e-06,4.77345e-06,8.95361e-06,1.51027e-05,2.41482e-05,3.74543e-05,5.70278e-05,8.58208e-05,0.000128176,0.000190481,0.000282134,0.000416956,0.000615283,0.000907025,0.00133618,0.00196749,0.00289615,0.00426222,0.00627175,inf	2277.5,2277.5,13136.4,3534.91,3209.22,3661.29,3560.4,2389.32,1906.69,1856.06,1927.8,1881.91,1638.24,1301.65,922.93,597.709,428.833,428.979,496.594,496.594
0.00100911	-21260571.67	0,1.93177e-06,4.77345e-06,8.95361e-06,1.51027e-05,2.41482e-05,3.74543e-05,5.70278e-05,8.58208e-05,0.000128176,0.000190481,0.000282134,0.000416956,0.000615283,0.000907025,0.00133618,0.00196749,0.00289615,0.00426222,0.00627175,inf	2382.76,2382.76,13159.4,3516.29,3224.47,3677.76,3563.93,2388.57,1908.24,1859.78,1931.56,1883.39,1637.29,1299.74,921.145,596.34,427.674,427.721,495.3,495.3
0.00101821	-21259759.40	0,1.93177e-06,4.77345e-06,8.95361e-06,1.51027e-05,2.41482e-05,3.74543e-05,5.70278e-05,8.58208e-05,0.000128176,0.000190481,0.000282134,0.000416956,0.000615283,0.000907025,0.00133618,0.00196749,0.00289615,0.00426222,0.00627175,inf	2487.8,2487.8,13180.2,3498.56,3240,3694.06,3567.26,2387.79,1909.8,1863.51,1935.31,1884.85,1636.33,1297.85,919.38,594.991,426.533,426.481,494.018,494.018
0.00102729	-21258957.28	0,1.93177e-06,4.77345e-06,8.95361e-06,1.51027e-05,2.41482e-05,3.74543e-05,5.70278e-05,8.58208e-05,0.000128176,0.000190481,0.000282134,0.000416956,0.000615283,0.000907025,0.00133618,0.00196749,0.00289615,0.00426222,0.00627175,inf	2592.53,2592.53,13198.9,3481.69,3255.79,3710.2,3570.4,2386.98,1911.38,1867.24,1939.04,1886.29,1635.37,1295.97,917.635,593.664,425.411,425.258,492.748,492.748
0.00103635	-21258165.08	0,1.93177e-06,4.77345e-06,8.95361e-06,1.51027e-05,2.41482e-05,3.74543e-05,5.70278e-05,8.58208e-05,0.000128176,0.000190481,0.000282134,0.000416956,0.000615283,0.000907025,0.00133618,0.00196749,0.00289615,0.00426222,0.00627175,inf	2696.88,2696.88,13215.7,3465.64,3271.82,3726.18,3573.34,2386.14,1912.97,1870.97,1942.76,1887.72,1634.42,1294.11,915.91,592.356,424.307,424.053,491.489,491.489
0.0010454	-21257382.62	0,1.93177e-06,4.77345e-06,8.95361e-06,1.51027e-05,2.41482e-05,3.74543e-05,5.70278e-05,8.58208e-05,0.000128176,0.000190481,0.000282134,0.000416956,0.000615283,0.000907025,0.00133618,0.00196749,0.00289615,0.00426222,0.00627175,inf	2800.76,2800.76,13230.7,3450.39,3288.1,3741.98,3576.1,2385.28,1914.57,1874.71,1946.47,1889.12,1633.46,1292.25,914.204,591.068,423.221,422.864,490.24,490.24
0.00105443	-21256609.70	0,1.93177e-06,4.77345e-06,8.95361e-06,1.51027e-05,2.41482e-05,3.74543e-05,5.70278e-05,8.58208e-05,0.000128176,0.000190481,0.000282134,0.000416956,0.000615283,0.000907025,0.00133618,0.00196749,0.00289615,0.00426222,0.00627175,inf	2904.18,2904.18,13243.9,3435.94,3304.6,3757.62,3578.67,2384.4,1916.18,1878.46,1950.15,1890.51,1632.49,1290.41,912.517,589.8,422.151,421.692,489.002,489.002
0.00106343	-21255846.13	0,1.93177e-06,4.77345e-06,8.95361e-06,1.51027e-05,2.41482e-05,3.74543e-05,5.70278e-05,8.58208e-05,0.000128176,0.000190481,0.000282134,0.000416956,0.000615283,0.000907025,0.00133618,0.00196749,0.00289615,0.00426222,0.00627175,inf	3007.02,3007.02,13255.6,3422.26,3321.32,3773.09,3581.07,2383.5,1917.81,1882.21,1953.83,1891.87,1631.53,1288.59,910.849,588.55,421.099,420.536,487.775,487.775
0.00107243	-21255091.73	0,1.93177e-06,4.77345e-06,8.95361e-06,1.51027e-05,2.41482e-05,3.74543e-05,5.70278e-05,8.58208e-05,0.000128176,0.000190481,0.000282134,0.000416956,0.000615283,0.000907025,0.00133618,0.00196749,0.00289615,0.00426222,0.00627175,inf	3109.26,3109.26,13265.8,3409.3,3338.23,3788.38,3583.29,2382.58,1919.45,1885.97,1957.49,1893.22,1630.56,1286.77,909.2,587.319,420.062,419.395,486.558,486.558
0.0010814	-21254346.31	0,1.93177e-06,4.77345e-06,8.95361e-06,1.51027e-05,2.41482e-05,3.74543e-05,5.70278e-05,8.58208e-05,0.000128176,0.000190481,0.000282134,0.000416956,0.000615283,0.000907025,0.00133618,0.00196749,0.00289615,0.00426222,0.00627175,inf	3210.8,3210.8,13274.6,3397.05,3355.34,3803.49,3585.35,2381.64,1921.11,1889.73,1961.14,1894.55,1629.6,1284.97,907.568,586.107,419.042,418.27,485.351,485.351
0.00109035	-21253609.72	0,1.93177e-06,4.77345e-06,8.95361e-06,1.51027e-05,2.41482e-05,3.74543e-05,5.70278e-05,8.58208e-05,0.000128176,0.000190481,0.000282134,0.000416956,0.000615283,0.000907025,0.00133618,0.00196749,0.00289615,0.00426222,0.00627175,inf	3311.7,3311.7,13282,3385.48,3372.63,3818.43,3587.23,2380.68,1922.78,1893.5,1964.77,1895.86,1628.63,1283.18,905.954,584.912,418.037,417.16,484.154,484.154
0.00109929	-21252881.77	0,1.93177e-06,4.77345e-06,8.95361e-06,1.51027e-05,2.41482e-05,3.74543e-05,5.70278e-05,8.58208e-05,0.000128176,0.000190481,0.000282134,0.000416956,0.000615283,0.000907025,0.00133618,0.00196749,0.00289615,0.00426222,0.00627175,inf	3411.82,3411.82,13288.3,3374.58,3390.09,3833.19,3588.96,2379.72,1924.47,1897.27,1968.38,1897.15,1627.66,1281.4,904.358,583.734,417.048,416.065,482.966,482.966
