0.000153569	-20826731.70	0,1.82362e-06,4.50621e-06,8.45234e-06,1.42572e-05,2.27962e-05,3.53574e-05,5.38351e-05,8.10161e-05,0.000121,0.000179817,0.000266338,0.000393613,0.000580836,0.000856245,0.00126138,0.00185734,0.00273401,0.0040236,0.00592062,inf	987.961,987.961,1885.36,2382.76,2450.55,2278.12,2149.21,2030.92,1905.07,1805.09,1730.59,1674.43,1627.35,1586.89,1555.29,1523.46,1474.52,1422.62,1384.07,1384.07
0.000163223	-20807304.72	0,1.82362e-06,4.50621e-06,8.45234e-06,1.42572e-05,2.27962e-05,3.53574e-05,5.38351e-05,8.10161e-05,0.000121,0.000179817,0.000266338,0.000393613,0.000580836,0.000856245,0.00126138,0.00185734,0.00273401,0.0040236,0.00592062,inf	477.804,477.804,1703.88,2677.09,2860.38,2575.9,2396.33,2221.5,2018.93,1859.98,1744.16,1656.09,1577.55,1504.78,1444.16,1384.71,1305.94,1236.11,1177.26,1177.26
0.000173706	-20792262.18	0,1.82362e-06,4.50621e-06,8.45234e-06,1.42572e-05,2.27962e-05,3.53574e-05,5.38351e-05,8.10161e-05,0.000121,0.000179817,0.000266338,0.000393613,0.000580836,0.000856245,0.00126138,0.00185734,0.00273401,0.0040236,0.00592062,inf	224.483,224.483,1467.97,2799.34,3081.16,2719.55,2535.38,2340.43,2092.07,1899.28,1761.59,1655.31,1554.09,1454.2,1367.34,1283.71,1184.62,1108.81,1034.4,1034.4
0.000184753	-20779771.72	0,1.82362e-06,4.50621e-06,8.45234e-06,1.42572e-05,2.27962e-05,3.53574e-05,5.38351e-05,8.10161e-05,0.000121,0.000179817,0.000266338,0.000393613,0.000580836,0.000856245,0.00126138,0.00185734,0.00273401,0.0040236,0.00592062,inf	108.162,108.162,1273.86,2873.69,3213.76,2784.92,2616.48,2418.15,2140.93,1928.61,1780.29,1663.94,1545.72,1422.72,1312.46,1207.7,1093.63,1016.58,927.675,927.675
0.000196197	-20768938.93	0,1.82362e-06,4.50621e-06,8.45234e-06,1.42572e-05,2.27962e-05,3.53574e-05,5.38351e-05,8.10161e-05,0.000121,0.000179817,0.000266338,0.000393613,0.000580836,0.000856245,0.00126138,0.00185734,0.00273401,0.0040236,0.00592062,inf	54.5239,54.5239,1135.37,2954.23,3310.18,2813.08,2667.8,2472.07,2174.63,1950.76,1798.29,1676.92,1545.72,1402.97,1272.08,1148.84,1023.19,946.893,843.494,843.494
0.000207925	-20759283.08	0,1.82362e-06,4.50621e-06,8.45234e-06,1.42572e-05,2.27962e-05,3.53574e-05,5.38351e-05,8.10161e-05,0.000121,0.000179817,0.000266338,0.000393613,0.000580836,0.000856245,0.00126138,0.00185734,0.00273401,0.0040236,0.00592062,inf	28.9064,28.9064,1044.39,3059.69,3392.9,2824.22,2704.21,2511.99,2198.5,1967.5,1814.58,1691.35,1550.16,1390.54,1241.56,1102.18,967.25,892.605,774.431,774.431
0.000219866	-20750519.90	0,1.82362e-06,4.50621e-06,8.45234e-06,1.42572e-05,2.27962e-05,3.53574e-05,5.38351e-05,8.10161e-05,0.000121,0.000179817,0.000266338,0.000393613,0.000580836,0.000856245,0.00126138,0.00185734,0.00273401,0.0040236,0.00592062,inf	16.1121,16.1121,990.176,3193.71,3470.03,2827.88,2733.47,2543.54,2215.93,1980.17,1828.85,1705.7,1556.74,1382.72,1217.93,1064.44,921.924,849.332,716.072,716.072
0.000231969	-20742466.78	0,1.82362e-06,4.50621e-06,8.45234e-06,1.42572e-05,2.27962e-05,3.53574e-05,5.38351e-05,8.10161e-05,0.000121,0.000179817,0.000266338,0.000393613,0.000580836,0.000856245,0.00126138,0.00185734,0.00273401,0.0040236,0.00592062,inf	9.41494,9.41494,964.151,3354.16,3543.36,2828.47,2759.61,2570,2229.07,1989.82,1841.14,1719.21,1564.15,1377.83,1199.22,1033.37,884.589,814.241,665.627,665.627
0.0002442	-20734998.46	0,1.82362e-06,4.50621e-06,8.45234e-06,1.42572e-05,2.27962e-05,3.53574e-05,5.38351e-05,8.10161e-05,0.000121,0.000179817,0.000266338,0.000393613,0.000580836,0.000856245,0.00126138,0.00185734,0.00273401,0.0040236,0.00592062,inf	5.75337,5.75337,960.288,3536.79,3612.23,2827.98,2784.67,2593.33,2239.38,1997.28,1851.69,1731.57,1571.63,1374.77,1184.12,1007.43,853.423,785.412,621.249,621.249
0.000256536	-20728024.34	0,1.82362e-06,4.50621e-06,8.45234e-06,1.42572e-05,2.27962e-05,3.53574e-05,5.38351e-05,8.10161e-05,0.000121,0.000179817,0.000266338,0.000393613,0.000580836,0.000856245,0.00126138,0.00185734,0.00273401,0.0040236,0.00592062,inf	3.65851,3.65851,974.591,3737.04,3675.3,2827.35,2809.68,2614.69,2247.82,2003.18,1860.75,1742.71,1578.78,1372.87,1171.69,985.491,827.123,761.503,581.667,581.667
0.000268962	-20721476.33	0,1.82362e-06,4.50621e-06,8.45234e-06,1.42572e-05,2.27962e-05,3.53574e-05,5.38351e-05,8.10161e-05,0.000121,0.000179817,0.000266338,0.000393613,0.000580836,0.000856245,0.00126138,0.00185734,0.00273401,0.0040236,0.00592062,inf	2.38264,2.38264,1004.57,3950.43,3731.43,2827.01,2835.13,2634.81,2255.03,2007.99,1868.61,1752.66,1585.39,1371.68,1161.3,966.745,804.736,741.543,545.984,545.984
0.000281467	-20715301.62	0,1.82362e-06,4.50621e-06,8.45234e-06,1.42572e-05,2.27962e-05,3.53574e-05,5.38351e-05,8.10161e-05,0.000121,0.000179817,0.000266338,0.000393613,0.000580836,0.000856245,0.00126138,0.00185734,0.00273401,0.0040236,0.00592062,inf	1.72195,1.72195,1048.66,4172.85,3779.81,2827.17,2861.23,2654.11,2261.45,2012.05,1875.49,1761.51,1591.38,1370.89,1152.46,950.58,785.546,724.816,513.548,513.548
0.000294044	-20709458.28	0,1.82362e-06,4.50621e-06,8.45234e-06,1.42572e-05,2.27962e-05,3.53574e-05,5.38351e-05,8.10161e-05,0.000121,0.000179817,0.000266338,0.000393613,0.000580836,0.000856245,0.00126138,0.00185734,0.00273401,0.0040236,0.00592062,inf	1.72195,1.72195,1105.98,4400.68,3820.04,2827.99,2888.01,2672.84,2267.38,2015.61,1881.6,1769.39,1596.71,1370.32,1144.85,936.532,769.01,710.781,483.882,483.882
0.000306692	-20703912.41	0,1.82362e-06,4.50621e-06,8.45234e-06,1.42572e-05,2.27962e-05,3.53574e-05,5.38351e-05,8.10161e-05,0.000121,0.000179817,0.000266338,0.000393613,0.000580836,0.000856245,0.00126138,0.00185734,0.00273401,0.0040236,0.00592062,inf	1.72195,1.72195,1176.17,4630.66,3852.07,2829.54,2915.46,2691.16,2272.99,2018.86,1887.09,1776.4,1601.39,1369.83,1138.19,924.245,754.706,699.023,456.624,456.624
0.000319406	-20698636.13	0,1.82362e-06,4.50621e-06,8.45234e-06,1.42572e-05,2.27962e-05,3.53574e-05,5.38351e-05,8.10161e-05,0.000121,0.000179817,0.000266338,0.000393613,0.000580836,0.000856245,0.00126138,0.00185734,0.00273401,0.0040236,0.00592062,inf	1.72195,1.72195,1259.19,4859.96,3876.22,2831.92,2943.49,2709.15,2278.42,2021.91,1892.09,1782.64,1605.46,1369.34,1132.3,913.438,742.299,689.218,431.496,431.496
0.000332188	-20693606.29	0,1.82362e-06,4.50621e-06,8.45234e-06,1.42572e-05,2.27962e-05,3.53574e-05,5.38351e-05,8.10161e-05,0.000121,0.000179817,0.000266338,0.000393613,0.000580836,0.000856245,0.00126138,0.00185734,0.00273401,0.0040236,0.00592062,inf	1.72195,1.72195,1355.17,5086.11,3892.97,2835.17,2972.03,2726.86,2283.75,2024.86,1896.7,1788.21,1608.95,1368.79,1127.03,903.886,731.523,681.109,408.282,408.282
0.000345036	-20688803.31	0,1.82362e-06,4.50621e-06,8.45234e-06,1.42572e-05,2.27962e-05,3.53574e-05,5.38351e-05,8.10161e-05,0.000121,0.000179817,0.000266338,0.000393613,0.000580836,0.000856245,0.00126138,0.00185734,0.00273401,0.0040236,0.00592062,inf	1.72195,1.72195,1464.43,5306.97,3902.96,2839.37,3000.99,2744.3,2289.02,2027.78,1901,1793.19,1611.91,1368.15,1122.26,895.409,722.16,674.49,386.808,386.808
0.000357952	-20684210.48	0,1.82362e-06,4.50621e-06,8.45234e-06,1.42572e-05,2.27962e-05,3.53574e-05,5.38351e-05,8.10161e-05,0.000121,0.000179817,0.000266338,0.000393613,0.000580836,0.000856245,0.00126138,0.00185734,0.00273401,0.0040236,0.00592062,inf	1.72195,1.72195,1587.24,5520.63,3906.9,2844.56,3030.3,2761.5,2294.27,2030.68,1905.05,1797.65,1614.38,1367.39,1117.89,887.857,714.032,669.195,366.931,366.931
0.000370935	-20679813.29	0,1.82362e-06,4.50621e-06,8.45234e-06,1.42572e-05,2.27962e-05,3.53574e-05,5.38351e-05,8.10161e-05,0.000121,0.000179817,0.000266338,0.000393613,0.000580836,0.000856245,0.00126138,0.00185734,0.00273401,0.0040236,0.00592062,inf	1.72195,1.72195,1723.95,5725.51,3905.53,2850.74,3059.87,2778.44,2299.51,2033.61,1908.9,1801.66,1616.39,1366.49,1113.84,881.106,706.988,665.087,348.526,348.526
0.000383985	-20675598.98	0,1.82362e-06,4.50621e-06,8.45234e-06,1.42572e-05,2.27962e-05,3.53574e-05,5.38351e-05,8.10161e-05,0.000121,0.000179817,0.000266338,0.000393613,0.000580836,0.000856245,0.00126138,0.00185734,0.00273401,0.0040236,0.00592062,inf	1.72195,1.72195,1874.86,5920.27,3899.6,2857.97,3089.61,2795.12,2304.76,2036.59,1912.58,1805.26,1617.98,1365.44,1110.06,875.048,700.899,662.051,331.484,331.484
0.000397101	-20671556.07	0,1.82362e-06,4.50621e-06,8.45234e-06,1.42572e-05,2.27962e-05,3.53574e-05,5.38351e-05,8.10161e-05,0.000121,0.000179817,0.000266338,0.000393613,0.000580836,0.000856245,0.00126138,0.00185734,0.00273401,0.0040236,0.00592062,inf	1.72193,1.72193,2040.23,6103.73,3889.83,2866.22,3119.49,2811.53,2310.01,2039.62,1916.13,1808.49,1619.19,1364.23,1106.49,869.592,695.655,659.991,315.706,315.706
0.000410281	-20667674.09	0,1.82362e-06,4.50621e-06,8.45234e-06,1.42572e-05,2.27962e-05,3.53574e-05,5.38351e-05,8.10161e-05,0.000121,0.000179817,0.000266338,0.000393613,0.000580836,0.000856245,0.00126138,0.00185734,0.00273401,0.0040236,0.00592062,inf	1.72193,1.72193,2220.17,6274.96,3876.86,2875.51,3149.42,2827.67,2315.26,2042.7,1919.56,1811.39,1620.03,1362.86,1103.09,864.66,691.16,658.822,301.096,301.096
0.000423525	-20663943.44	0,1.82362e-06,4.50621e-06,8.45234e-06,1.42572e-05,2.27962e-05,3.53574e-05,5.38351e-05,8.10161e-05,0.000121,0.000179817,0.000266338,0.000393613,0.000580836,0.000856245,0.00126138,0.00185734,0.00273401,0.0040236,0.00592062,inf	1.72193,1.72193,2414.6,6433.25,3861.33,2885.83,3179.36,2843.53,2320.51,2045.85,1922.9,1814,1620.55,1361.32,1099.8,860.18,687.329,658.473,287.566,287.566
0.000436828	-20660355.17	0,1.82362e-06,4.50621e-06,8.45234e-06,1.42572e-05,2.27962e-05,3.53574e-05,5.38351e-05,8.10161e-05,0.000121,0.000179817,0.000266338,0.000393613,0.000580836,0.000856245,0.00126138,0.00185734,0.00273401,0.0040236,0.00592062,inf	1.72193,1.72193,2623.41,6578.16,3843.8,2897.16,3209.26,2859.11,2325.76,2049.05,1926.15,1816.33,1620.75,1359.62,1096.61,856.091,684.085,658.878,275.031,275.031
0.000450189	-20656900.91	0,1.82362e-06,4.50621e-06,8.45234e-06,1.42572e-05,2.27962e-05,3.53574e-05,5.38351e-05,8.10161e-05,0.000121,0.000179817,0.000266338,0.000393613,0.000580836,0.000856245,0.00126138,0.00185734,0.00273401,0.0040236,0.00592062,inf	1.72193,1.72193,2846.24,6709.34,3824.78,2909.47,3239.09,2874.39,2331.01,2052.32,1929.33,1818.43,1620.67,1357.74,1093.48,852.339,681.362,659.981,263.409,263.409
0.000463604	-20653572.82	0,1.82362e-06,4.50621e-06,8.45234e-06,1.42572e-05,2.27962e-05,3.53574e-05,5.38351e-05,8.10161e-05,0.000121,0.000179817,0.000266338,0.000393613,0.000580836,0.000856245,0.00126138,0.00185734,0.00273401,0.0040236,0.00592062,inf	1.72193,1.72193,3082.61,6826.68,3804.71,2922.76,3268.81,2889.39,2336.25,2055.64,1932.45,1820.3,1620.32,1355.7,1090.39,848.875,679.098,661.73,252.621,252.621
0.000477069	-20650363.62	0,1.82362e-06,4.50621e-06,8.45234e-06,1.42572e-05,2.27962e-05,3.53574e-05,5.38351e-05,8.10161e-05,0.000121,0.000179817,0.000266338,0.000393613,0.000580836,0.000856245,0.00126138,0.00185734,0.00273401,0.0040236,0.00592062,inf	1.72193,1.72193,3331.84,6930.18,3783.98,2936.96,3298.38,2904.1,2341.48,2059.02,1935.52,1821.97,1619.73,1353.49,1087.31,845.656,677.239,664.076,242.595,242.595
0.00049058	-20647266.49	0,1.82362e-06,4.50621e-06,8.45234e-06,1.42572e-05,2.27962e-05,3.53574e-05,5.38351e-05,8.10161e-05,0.000121,0.000179817,0.000266338,0.000393613,0.000580836,0.000856245,0.00126138,0.00185734,0.00273401,0.0040236,0.00592062,inf	1.72193,1.72193,3593.29,7020.1,3762.94,2952.07,3327.77,2918.52,2346.71,2062.47,1938.54,1823.47,1618.9,1351.12,1084.24,842.645,675.736,666.977,233.26,233.26
0.000504134	-20644275.16	0,1.82362e-06,4.50621e-06,8.45234e-06,1.42572e-05,2.27962e-05,3.53574e-05,5.38351e-05,8.10161e-05,0.000121,0.000179817,0.000266338,0.000393613,0.000580836,0.000856245,0.00126138,0.00185734,0.00273401,0.0040236,0.00592062,inf	1.72193,1.72193,3866.06,7096.76,3741.88,2968.03,3356.97,2932.65,2351.92,2065.97,1941.53,1824.79,1617.86,1348.59,1081.14,839.81,674.546,670.393,224.551,224.551
0.000517728	-20641383.85	0,1.82362e-06,4.50621e-06,8.45234e-06,1.42572e-05,2.27962e-05,3.53574e-05,5.38351e-05,8.10161e-05,0.000121,0.000179817,0.000266338,0.000393613,0.000580836,0.000856245,0.00126138,0.00185734,0.00273401,0.0040236,0.00592062,inf	1.72193,1.72193,4149.23,7160.58,3721.04,2984.81,3385.95,2946.5,2357.13,2069.53,1944.5,1825.97,1616.63,1345.92,1078.03,837.121,673.628,674.288,216.409,216.409
0.000531358	-20638587.26	0,1.82362e-06,4.50621e-06,8.45234e-06,1.42572e-05,2.27962e-05,3.53574e-05,5.38351e-05,8.10161e-05,0.000121,0.000179817,0.000266338,0.000393613,0.000580836,0.000856245,0.00126138,0.00185734,0.00273401,0.0040236,0.00592062,inf	1.72193,1.72193,4441.84,7212.11,3700.62,3002.37,3414.68,2960.07,2362.32,2073.14,1947.44,1827.02,1615.22,1343.09,1074.87,834.553,672.949,678.631,208.778,208.778
0.00054502	-20635880.60	0,1.82362e-06,4.50621e-06,8.45234e-06,1.42572e-05,2.27962e-05,3.53574e-05,5.38351e-05,8.10161e-05,0.000121,0.000179817,0.000266338,0.000393613,0.000580836,0.000856245,0.00126138,0.00185734,0.00273401,0.0040236,0.00592062,inf	1.72193,1.72193,4742.86,7251.94,3680.81,3020.67,3443.16,2973.36,2367.5,2076.81,1950.37,1827.94,1613.64,1340.14,1071.68,832.087,672.476,683.39,201.609,201.609
0.000558711	-20633259.49	0,1.82362e-06,4.50621e-06,8.45234e-06,1.42572e-05,2.27962e-05,3.53574e-05,5.38351e-05,8.10161e-05,0.000121,0.000179817,0.000266338,0.000393613,0.000580836,0.000856245,0.00126138,0.00185734,0.00273401,0.0040236,0.00592062,inf	1.72193,1.72193,5051.34,7280.72,3661.76,3039.65,3471.37,2986.37,2372.68,2080.54,1953.29,1828.77,1611.92,1337.05,1068.44,829.703,672.184,688.541,194.857,194.857
0.000572429	-20630720.00	0,1.82362e-06,4.50621e-06,8.45234e-06,1.42572e-05,2.27962e-05,3.53574e-05,5.38351e-05,8.10161e-05,0.000121,0.000179817,0.000266338,0.000393613,0.000580836,0.000856245,0.00126138,0.00185734,0.00273401,0.0040236,0.00592062,inf	1.72193,1.72193,5366.24,7299.15,3643.56,3059.27,3499.27,2999.1,2377.84,2084.33,1956.2,1829.49,1610.06,1333.84,1065.16,827.386,672.048,694.059,188.48,188.48
0.000586171	-20628258.56	0,1.82362e-06,4.50621e-06,8.45234e-06,1.42572e-05,2.27962e-05,3.53574e-05,5.38351e-05,8.10161e-05,0.000121,0.000179817,0.000266338,0.000393613,0.000580836,0.000856245,0.00126138,0.00185734,0.00273401,0.0040236,0.00592062,inf	1.72193,1.72193,5686.67,7307.91,3626.3,3079.49,3526.88,3011.56,2382.99,2088.17,1959.12,1830.14,1608.08,1330.53,1061.82,825.125,672.047,699.923,182.443,182.443
0.000599935	-20625871.96	0,1.82362e-06,4.50621e-06,8.45234e-06,1.42572e-05,2.27962e-05,3.53574e-05,5.38351e-05,8.10161e-05,0.000121,0.000179817,0.000266338,0.000393613,0.000580836,0.000856245,0.00126138,0.00185734,0.00273401,0.0040236,0.00592062,inf	1.72193,1.72193,6011.69,7307.74,3610.06,3100.28,3554.16,3023.76,2388.12,2092.06,1962.03,1830.71,1605.99,1327.1,1058.44,822.907,672.162,706.116,176.713,176.713
0.000613717	-20623557.30	0,1.82362e-06,4.50621e-06,8.45234e-06,1.42572e-05,2.27962e-05,3.53574e-05,5.38351e-05,8.10161e-05,0.000121,0.000179817,0.000266338,0.000393613,0.000580836,0.000856245,0.00126138,0.00185734,0.00273401,0.0040236,0.00592062,inf	1.72193,1.72193,6340.41,7299.36,3594.9,3121.57,3581.1,3035.69,2393.25,2096,1964.96,1831.22,1603.8,1323.59,1055.01,820.724,672.378,712.622,171.261,171.261
0.000627517	-20621311.94	0,1.82362e-06,4.50621e-06,8.45234e-06,1.42572e-05,2.27962e-05,3.53574e-05,5.38351e-05,8.10161e-05,0.000121,0.000179817,0.000266338,0.000393613,0.000580836,0.000856245,0.00126138,0.00185734,0.00273401,0.0040236,0.00592062,inf	1.72193,1.72193,6672.01,7283.43,3580.81,3143.33,3607.7,3047.36,2398.36,2099.99,1967.89,1831.67,1601.52,1319.98,1051.54,818.569,672.68,719.426,166.062,166.062
0.000641332	-20619133.52	0,1.82362e-06,4.50621e-06,8.45234e-06,1.42572e-05,2.27962e-05,3.53574e-05,5.38351e-05,8.10161e-05,0.000121,0.000179817,0.000266338,0.000393613,0.000580836,0.000856245,0.00126138,0.00185734,0.00273401,0.0040236,0.00592062,inf	1.72193,1.72193,7005.68,7260.66,3567.84,3165.52,3633.93,3058.77,2403.45,2104.03,1970.83,1832.08,1599.16,1316.3,1048.02,816.435,673.056,726.518,161.093,161.093
0.00065516	-20617019.89	0,1.82362e-06,4.50621e-06,8.45234e-06,1.42572e-05,2.27962e-05,3.53574e-05,5.38351e-05,8.10161e-05,0.000121,0.000179817,0.000266338,0.000393613,0.000580836,0.000856245,0.00126138,0.00185734,0.00273401,0.0040236,0.00592062,inf	1.72193,1.72193,7340.87,7231.72,3556,3188.1,3659.8,3069.92,2408.53,2108.12,1973.78,1832.43,1596.73,1312.54,1044.46,814.317,673.494,733.888,156.334,156.334
0.000669	-20614969.04	0,1.82362e-06,4.50621e-06,8.45234e-06,1.42572e-05,2.27962e-05,3.53574e-05,5.38351e-05,8.10161e-05,0.000121,0.000179817,0.000266338,0.000393613,0.000580836,0.000856245,0.00126138,0.00185734,0.00273401,0.0040236,0.00592062,inf	1.72193,1.72193,7676.77,7197.17,3545.29,3211.03,3685.29,3080.82,2413.59,2112.25,1976.75,1832.75,1594.23,1308.71,1040.85,812.212,673.987,741.526,151.768,151.768
0.00068285	-20612979.19	0,1.82362e-06,4.50621e-06,8.45234e-06,1.42572e-05,2.27962e-05,3.53574e-05,5.38351e-05,8.10161e-05,0.000121,0.000179817,0.000266338,0.000393613,0.000580836,0.000856245,0.00126138,0.00185734,0.00273401,0.0040236,0.00592062,inf	1.72193,1.72193,8012.88,7157.65,3535.7,3234.27,3710.4,3091.47,2418.63,2116.42,1979.73,1833.04,1591.68,1304.82,1037.21,810.115,674.525,749.428,147.379,147.379
0.000696708	-20611048.69	0,1.82362e-06,4.50621e-06,8.45234e-06,1.42572e-05,2.27962e-05,3.53574e-05,5.38351e-05,8.10161e-05,0.000121,0.000179817,0.000266338,0.000393613,0.000580836,0.000856245,0.00126138,0.00185734,0.00273401,0.0040236,0.00592062,inf	1.72193,1.72193,8348.62,7113.74,3527.22,3257.77,3735.1,3101.87,2423.65,2120.64,1982.72,1833.3,1589.07,1300.88,1033.54,808.025,675.101,757.587,143.154,143.154
0.000710574	-20609176.01	0,1.82362e-06,4.50621e-06,8.45234e-06,1.42572e-05,2.27962e-05,3.53574e-05,5.38351e-05,8.10161e-05,0.000121,0.000179817,0.000266338,0.000393613,0.000580836,0.000856245,0.00126138,0.00185734,0.00273401,0.0040236,0.00592062,inf	1.72193,1.72193,8683.56,7065.93,3519.83,3281.51,3759.41,3112.02,2428.66,2124.89,1985.72,1833.53,1586.42,1296.89,1029.83,805.938,675.709,765.999,139.08,139.08
0.000724446	-20607359.69	0,1.82362e-06,4.50621e-06,8.45234e-06,1.42572e-05,2.27962e-05,3.53574e-05,5.38351e-05,8.10161e-05,0.000121,0.000179817,0.000266338,0.000393613,0.000580836,0.000856245,0.00126138,0.00185734,0.00273401,0.0040236,0.00592062,inf	1.72193,1.72193,9017.25,7014.73,3513.48,3305.47,3783.32,3121.94,2433.65,2129.17,1988.74,1833.73,1583.72,1292.84,1026.09,803.851,676.343,774.662,135.146,135.146
0.000738322	-20605598.45	0,1.82362e-06,4.50621e-06,8.45234e-06,1.42572e-05,2.27962e-05,3.53574e-05,5.38351e-05,8.10161e-05,0.000121,0.000179817,0.000266338,0.000393613,0.000580836,0.000856245,0.00126138,0.00185734,0.00273401,0.0040236,0.00592062,inf	1.72193,1.72193,9349.28,6960.59,3508.17,3329.6,3806.82,3131.63,2438.62,2133.49,1991.77,1833.91,1580.98,1288.76,1022.32,801.764,676.998,783.574,131.344,131.344
0.000752201	-20603891.01	0,1.82362e-06,4.50621e-06,8.45234e-06,1.42572e-05,2.27962e-05,3.53574e-05,5.38351e-05,8.10161e-05,0.000121,0.000179817,0.000266338,0.000393613,0.000580836,0.000856245,0.00126138,0.00185734,0.00273401,0.0040236,0.00592062,inf	1.72193,1.72193,9679.37,6903.94,3503.85,3353.86,3829.9,3141.09,2443.57,2137.85,1994.81,1834.07,1578.21,1284.63,1018.53,799.675,677.668,792.732,127.665,127.665
0.000766081	-20602236.23	0,1.82362e-06,4.50621e-06,8.45234e-06,1.42572e-05,2.27962e-05,3.53574e-05,5.38351e-05,8.10161e-05,0.000121,0.000179817,0.000266338,0.000393613,0.000580836,0.000856245,0.00126138,0.00185734,0.00273401,0.0040236,0.00592062,inf	1.72193,1.72193,10007.2,6845.18,3500.51,3378.25,3852.56,3150.31,2448.5,2142.23,1997.86,1834.21,1575.4,1280.47,1014.71,797.582,678.351,802.137,124.101,124.101
0.000779962	-20600632.94	0,1.82362e-06,4.50621e-06,8.45234e-06,1.42572e-05,2.27962e-05,3.53574e-05,5.38351e-05,8.10161e-05,0.000121,0.000179817,0.000266338,0.000393613,0.000580836,0.000856245,0.00126138,0.00185734,0.00273401,0.0040236,0.00592062,inf	1.72193,1.72193,10332.6,6784.65,3498.09,3402.71,3874.8,3159.32,2453.41,2146.64,2000.92,1834.34,1572.56,1276.28,1010.86,795.483,679.042,811.788,120.645,120.645
0.000793841	-20599080.13	0,1.82362e-06,4.50621e-06,8.45234e-06,1.42572e-05,2.27962e-05,3.53574e-05,5.38351e-05,8.10161e-05,0.000121,0.000179817,0.000266338,0.000393613,0.000580836,0.000856245,0.00126138,0.00185734,0.00273401,0.0040236,0.00592062,inf	1.72193,1.72193,10655.2,6722.68,3496.57,3427.23,3896.63,3168.12,2458.31,2151.08,2004,1834.44,1569.69,1272.05,1006.99,793.378,679.737,821.687,117.293,117.293
0.000807717	-20597576.74	0,1.82362e-06,4.50621e-06,8.45234e-06,1.42572e-05,2.27962e-05,3.53574e-05,5.38351e-05,8.10161e-05,0.000121,0.000179817,0.000266338,0.000393613,0.000580836,0.000856245,0.00126138,0.00185734,0.00273401,0.0040236,0.00592062,inf	1.72193,1.72193,10975,6659.59,3495.9,3451.78,3918.03,3176.7,2463.19,2155.54,2007.08,1834.53,1566.8,1267.79,1003.1,791.264,680.433,831.833,114.039,114.039
