0.0001617	-21709233.70	0,1.93107e-06,4.7717e-06,8.95034e-06,1.50972e-05,2.41394e-05,3.74406e-05,5.70069e-05,8.57894e-05,0.000128129,0.000190412,0.00028203,0.000416804,0.000615058,0.000906694,0.0013357,0.00196677,0.00289509,0.00426066,0.00626946,inf	1693.52,1693.52,2319.11,2482.32,2234.99,2012.18,1852.67,1739.73,1668.31,1622.7,1594.75,1577.7,1560.23,1532.62,1494.9,1454.64,1425.33,1443.01,1556.77,1556.77
0.000170737	-21695126.51	0,1.93107e-06,4.7717e-06,8.95034e-06,1.50972e-05,2.41394e-05,3.74406e-05,5.70069e-05,8.57894e-05,0.000128129,0.000190412,0.00028203,0.000416804,0.000615058,0.000906694,0.0013357,0.00196677,0.00289509,0.00426066,0.00626946,inf	1411.95,1411.95,2614.88,3043.52,2608.56,2238.52,1985.08,1809.03,1700.1,1630.93,1589.53,1563.91,1532.53,1478.27,1405.07,1331.25,1282.34,1314.15,1493.97,1493.97
0.00018044	-21683982.32	0,1.93107e-06,4.7717e-06,8.95034e-06,1.50972e-05,2.41394e-05,3.74406e-05,5.70069e-05,8.57894e-05,0.000128129,0.000190412,0.00028203,0.000416804,0.000615058,0.000906694,0.0013357,0.00196677,0.00289509,0.00426066,0.00626946,inf	1117.02,1117.02,2704.45,3395.75,2823.01,2363.63,2059.59,1850.45,1723.11,1642.56,1595.94,1567.09,1524.93,1446.24,1340.75,1238.49,1175.27,1218.46,1439.49,1439.49
0.000190579	-21674543.18	0,1.93107e-06,4.7717e-06,8.95034e-06,1.50972e-05,2.41394e-05,3.74406e-05,5.70069e-05,8.57894e-05,0.000128129,0.000190412,0.00028203,0.000416804,0.000615058,0.000906694,0.0013357,0.00196677,0.00289509,0.00426066,0.00626946,inf	894.079,894.079,2725.43,3635.93,2947.4,2431.99,2101.45,1875.41,1739.63,1654.07,1606.82,1578.12,1527.86,1427.35,1292.94,1166.32,1091.98,1144.43,1392.66,1392.66
0.000201017	-21666228.60	0,1.93107e-06,4.7717e-06,8.95034e-06,1.50972e-05,2.41394e-05,3.74406e-05,5.70069e-05,8.57894e-05,0.000128129,0.000190412,0.00028203,0.000416804,0.000615058,0.000906694,0.0013357,0.00196677,0.00289509,0.00426066,0.00626946,inf	739.661,739.661,2741.64,3823.05,3023.86,2470.2,2125.71,1891.01,1751.64,1664.18,1618.71,1592.25,1536.07,1416.36,1256.23,1108.59,1025.22,1085.26,1352.28,1352.28
0.000211663	-21658732.25	0,1.93107e-06,4.7717e-06,8.95034e-06,1.50972e-05,2.41394e-05,3.74406e-05,5.70069e-05,8.57894e-05,0.000128129,0.000190412,0.00028203,0.000416804,0.000615058,0.000906694,0.0013357,0.00196677,0.00289509,0.00426066,0.00626946,inf	634.752,634.752,2776.71,3986.23,3074.83,2492.73,2140.85,1901.5,1760.63,1672.63,1630.08,1607.07,1546.68,1410.19,1227.23,1061.32,970.415,1036.76,1317.21,1317.21
0.00022246	-21651871.20	0,1.93107e-06,4.7717e-06,8.95034e-06,1.50972e-05,2.41394e-05,3.74406e-05,5.70069e-05,8.57894e-05,0.000128129,0.000190412,0.00028203,0.000416804,0.000615058,0.000906694,0.0013357,0.00196677,0.00289509,0.00426066,0.00626946,inf	563.405,563.405,2837.11,4137.82,3111.47,2507.17,2151.51,1909.36,1767.71,1679.57,1640.36,1621.4,1558.09,1406.97,1203.77,1021.85,924.522,996.154,1286.5,1286.5
0.000233365	-21645525.32	0,1.93107e-06,4.7717e-06,8.95034e-06,1.50972e-05,2.41394e-05,3.74406e-05,5.70069e-05,8.57894e-05,0.000128129,0.000190412,0.00028203,0.000416804,0.000615058,0.000906694,0.0013357,0.00196677,0.00289509,0.00426066,0.00626946,inf	514.655,514.655,2922.94,4282.12,3139.29,2517.46,2160.22,1916.07,1773.66,1685.32,1649.43,1634.72,1569.42,1405.54,1184.34,988.326,885.454,961.564,1259.37,1259.37
0.00024435	-21639609.92	0,1.93107e-06,4.7717e-06,8.95034e-06,1.50972e-05,2.41394e-05,3.74406e-05,5.70069e-05,8.57894e-05,0.000128129,0.000190412,0.00028203,0.000416804,0.000615058,0.000906694,0.0013357,0.00196677,0.00289509,0.00426066,0.00626946,inf	481.423,481.423,3032.04,4419.59,3160.93,2525.61,2168.33,1922.45,1779,1690.18,1657.37,1646.86,1580.22,1405.17,1167.96,959.442,851.729,931.664,1235.2,1235.2
0.000255393	-21634062.26	0,1.93107e-06,4.7717e-06,8.95034e-06,1.50972e-05,2.41394e-05,3.74406e-05,5.70069e-05,8.57894e-05,0.000128129,0.000190412,0.00028203,0.000416804,0.000615058,0.000906694,0.0013357,0.00196677,0.00289509,0.00426066,0.00626946,inf	459.166,459.166,3161.99,4549.42,3177.77,2532.66,2176.55,1928.97,1784.07,1694.43,1664.34,1657.8,1590.26,1405.4,1153.88,934.234,822.264,905.494,1213.51,1213.51
0.000266478	-21628834.10	0,1.93107e-06,4.7717e-06,8.95034e-06,1.50972e-05,2.41394e-05,3.74406e-05,5.70069e-05,8.57894e-05,0.000128129,0.000190412,0.00028203,0.000416804,0.000615058,0.000906694,0.0013357,0.00196677,0.00289509,0.00426066,0.00626946,inf	444.977,444.977,3310.5,4670.46,3190.6,2539.17,2185.23,1935.86,1789.08,1698.25,1670.51,1667.63,1599.45,1405.93,1141.6,911.986,796.25,882.339,1193.91,1193.91
0.000277593	-21623887.17	0,1.93107e-06,4.7717e-06,8.95034e-06,1.50972e-05,2.41394e-05,3.74406e-05,5.70069e-05,8.57894e-05,0.000128129,0.000190412,0.00028203,0.000416804,0.000615058,0.000906694,0.0013357,0.00196677,0.00289509,0.00426066,0.00626946,inf	436.901,436.901,3475.4,4781.6,3199.95,2545.42,2194.53,1943.21,1794.15,1701.81,1676.02,1676.45,1607.79,1406.57,1130.73,892.154,773.071,861.66,1176.09,1176.09
0.000288729	-21619190.51	0,1.93107e-06,4.7717e-06,8.95034e-06,1.50972e-05,2.41394e-05,3.74406e-05,5.70069e-05,8.57894e-05,0.000128129,0.000190412,0.00028203,0.000416804,0.000615058,0.000906694,0.0013357,0.00196677,0.00289509,0.00426066,0.00626946,inf	433.67,433.67,3654.82,4882.15,3206.24,2551.59,2204.49,1951.07,1799.35,1705.21,1681.03,1684.37,1615.31,1407.21,1120.98,874.318,752.25,843.037,1159.79,1159.79
0.000299877	-21614718.50	0,1.93107e-06,4.7717e-06,8.95034e-06,1.50972e-05,2.41394e-05,3.74406e-05,5.70069e-05,8.57894e-05,0.000128129,0.000190412,0.00028203,0.000416804,0.000615058,0.000906694,0.0013357,0.00196677,0.00289509,0.00426066,0.00626946,inf	434.44,434.44,3847.03,4971.7,3209.86,2557.8,2215.09,1959.38,1804.7,1708.53,1685.62,1691.52,1622.06,1407.76,1112.14,858.151,733.414,826.145,1144.81,1144.81
0.000311031	-21610449.71	0,1.93107e-06,4.7717e-06,8.95034e-06,1.50972e-05,2.41394e-05,3.74406e-05,5.70069e-05,8.57894e-05,0.000128129,0.000190412,0.00028203,0.000416804,0.000615058,0.000906694,0.0013357,0.00196677,0.00289509,0.00426066,0.00626946,inf	438.599,438.599,4050.34,5050.15,3211.17,2564.1,2226.3,1968.12,1810.21,1711.83,1689.89,1697.99,1628.09,1408.19,1104.04,843.393,716.263,810.721,1130.96,1130.96
0.000322188	-21606365.87	0,1.93107e-06,4.7717e-06,8.95034e-06,1.50972e-05,2.41394e-05,3.74406e-05,5.70069e-05,8.57894e-05,0.000128129,0.000190412,0.00028203,0.000416804,0.000615058,0.000906694,0.0013357,0.00196677,0.00289509,0.00426066,0.00626946,inf	445.74,445.74,4263.1,5117.74,3210.48,2570.57,2238.05,1977.23,1815.87,1715.14,1693.92,1703.87,1633.47,1408.47,1096.56,829.836,700.558,796.558,1118.12,1118.12
0.000333343	-21602451.35	0,1.93107e-06,4.7717e-06,8.95034e-06,1.50972e-05,2.41394e-05,3.74406e-05,5.70069e-05,8.57894e-05,0.000128129,0.000190412,0.00028203,0.000416804,0.000615058,0.000906694,0.0013357,0.00196677,0.00289509,0.00426066,0.00626946,inf	455.652,455.652,4483.96,5174.88,3208.14,2577.24,2250.27,1986.65,1821.66,1718.47,1697.75,1709.25,1638.26,1408.59,1089.58,817.31,686.102,783.483,1106.15,1106.15
0.000344492	-21598692.53	0,1.93107e-06,4.7717e-06,8.95034e-06,1.50972e-05,2.41394e-05,3.74406e-05,5.70069e-05,8.57894e-05,0.000128129,0.000190412,0.00028203,0.000416804,0.000615058,0.000906694,0.0013357,0.00196677,0.00289509,0.00426066,0.00626946,inf	468.169,468.169,4711.39,5222.04,3204.42,2584.13,2262.9,1996.3,1827.56,1721.84,1701.42,1714.18,1642.52,1408.54,1083.04,805.678,672.733,771.355,1094.96,1094.96
0.000355632	-21595077.55	0,1.93107e-06,4.7717e-06,8.95034e-06,1.50972e-05,2.41394e-05,3.74406e-05,5.70069e-05,8.57894e-05,0.000128129,0.000190412,0.00028203,0.000416804,0.000615058,0.000906694,0.0013357,0.00196677,0.00289509,0.00426066,0.00626946,inf	483.195,483.195,4943.99,5259.94,3199.57,2591.26,2275.88,2006.15,1833.55,1725.25,1704.99,1718.73,1646.3,1408.33,1076.86,794.826,660.317,760.059,1084.47,1084.47
0.000366763	-21591595.93	0,1.93107e-06,4.7717e-06,8.95034e-06,1.50972e-05,2.41394e-05,3.74406e-05,5.70069e-05,8.57894e-05,0.000128129,0.000190412,0.00028203,0.000416804,0.000615058,0.000906694,0.0013357,0.00196677,0.00289509,0.00426066,0.00626946,inf	500.627,500.627,5180.46,5289.26,3193.84,2598.68,2289.14,2016.13,1839.6,1728.72,1708.46,1722.95,1649.66,1407.96,1070.99,784.66,648.743,749.497,1074.59,1074.59
0.00037788	-21588238.38	0,1.93107e-06,4.7717e-06,8.95034e-06,1.50972e-05,2.41394e-05,3.74406e-05,5.70069e-05,8.57894e-05,0.000128129,0.000190412,0.00028203,0.000416804,0.000615058,0.000906694,0.0013357,0.00196677,0.00289509,0.00426066,0.00626946,inf	520.519,520.519,5419.62,5310.78,3187.43,2606.4,2302.63,2026.19,1845.69,1732.22,1711.86,1726.88,1652.63,1407.45,1065.39,775.099,637.915,739.585,1065.26,1065.26
0.000388984	-21584996.61	0,1.93107e-06,4.7717e-06,8.95034e-06,1.50972e-05,2.41394e-05,3.74406e-05,5.70069e-05,8.57894e-05,0.000128129,0.000190412,0.00028203,0.000416804,0.000615058,0.000906694,0.0013357,0.00196677,0.00289509,0.00426066,0.00626946,inf	542.898,542.898,5660.38,5325.22,3180.51,2614.41,2316.29,2036.3,1851.8,1735.78,1715.21,1730.56,1655.26,1406.79,1060.02,766.078,627.753,730.254,1056.44,1056.44
0.000400072	-21581863.19	0,1.93107e-06,4.7717e-06,8.95034e-06,1.50972e-05,2.41394e-05,3.74406e-05,5.70069e-05,8.57894e-05,0.000128129,0.000190412,0.00028203,0.000416804,0.000615058,0.000906694,0.0013357,0.00196677,0.00289509,0.00426066,0.00626946,inf	567.74,567.74,5901.74,5333.28,3173.2,2622.73,2330.09,2046.41,1857.91,1739.37,1718.52,1734.02,1657.58,1406.01,1054.87,757.54,618.188,721.444,1048.07,1048.07
0.000411143	-21578831.40	0,1.93107e-06,4.7717e-06,8.95034e-06,1.50972e-05,2.41394e-05,3.74406e-05,5.70069e-05,8.57894e-05,0.000128129,0.000190412,0.00028203,0.000416804,0.000615058,0.000906694,0.0013357,0.00196677,0.00289509,0.00426066,0.00626946,inf	595.089,595.089,6142.77,5335.65,3165.68,2631.36,2343.97,2056.49,1864.02,1743,1721.8,1737.29,1659.63,1405.11,1049.89,749.436,609.161,713.103,1040.11,1040.11
0.000422196	-21575895.20	0,1.93107e-06,4.7717e-06,8.95034e-06,1.50972e-05,2.41394e-05,3.74406e-05,5.70069e-05,8.57894e-05,0.000128129,0.000190412,0.00028203,0.000416804,0.000615058,0.000906694,0.0013357,0.00196677,0.00289509,0.00426066,0.00626946,inf	625.049,625.049,6382.74,5332.9,3158.03,2640.29,2357.89,2066.52,1870.1,1746.66,1725.06,1740.38,1661.43,1404.11,1045.08,741.723,600.621,705.187,1032.52,1032.52
0.000433231	-21573049.05	0,1.93107e-06,4.7717e-06,8.95034e-06,1.50972e-05,2.41394e-05,3.74406e-05,5.70069e-05,8.57894e-05,0.000128129,0.000190412,0.00028203,0.000416804,0.000615058,0.000906694,0.0013357,0.00196677,0.00289509,0.00426066,0.00626946,inf	657.629,657.629,6620.97,5325.7,3150.35,2649.51,2371.82,2076.48,1876.14,1750.34,1728.3,1743.33,1663.01,1403,1040.42,734.367,592.522,697.656,1025.27,1025.27
0.000444246	-21570287.92	0,1.93107e-06,4.7717e-06,8.95034e-06,1.50972e-05,2.41394e-05,3.74406e-05,5.70069e-05,8.57894e-05,0.000128129,0.000190412,0.00028203,0.000416804,0.000615058,0.000906694,0.0013357,0.00196677,0.00289509,0.00426066,0.00626946,inf	692.881,692.881,6856.82,5314.47,3142.7,2659.02,2385.74,2086.33,1882.14,1754.05,1731.53,1746.14,1664.39,1401.81,1035.89,727.336,584.827,690.476,1018.34,1018.34
0.000455242	-21567607.21	0,1.93107e-06,4.7717e-06,8.95034e-06,1.50972e-05,2.41394e-05,3.74406e-05,5.70069e-05,8.57894e-05,0.000128129,0.000190412,0.00028203,0.000416804,0.000615058,0.000906694,0.0013357,0.00196677,0.00289509,0.00426066,0.00626946,inf	730.873,730.873,7089.8,5299.82,3135.16,2668.81,2399.61,2096.07,1888.09,1757.78,1734.75,1748.84,1665.6,1400.53,1031.48,720.601,577.5,683.619,1011.7,1011.7
0.000466216	-21565002.67	0,1.93107e-06,4.7717e-06,8.95034e-06,1.50972e-05,2.41394e-05,3.74406e-05,5.70069e-05,8.57894e-05,0.000128129,0.000190412,0.00028203,0.000416804,0.000615058,0.000906694,0.0013357,0.00196677,0.00289509,0.00426066,0.00626946,inf	771.681,771.681,7319.47,5282.08,3127.78,2678.88,2413.42,2105.68,1893.98,1761.53,1737.96,1751.43,1666.64,1399.18,1027.18,714.14,570.511,677.056,1005.32,1005.32
