0.000163031	-22048478.66	0,1.94647e-06,4.80976e-06,9.02172e-06,1.52176e-05,2.43319e-05,3.77392e-05,5.74616e-05,8.64736e-05,0.000129151,0.00019193,0.00028428,0.000420128,0.000619963,0.000913925,0.00134635,0.00198245,0.00291818,0.00429464,0.00631946,inf	1301.7,1301.7,1581.51,1927.44,2002.64,1896.58,1801.11,1740.33,1673.81,1627.84,1603.07,1582.4,1556.77,1524.27,1491.56,1454.62,1416.49,1407.51,1442.85,1442.85
0.000172083	-22035355.18	0,1.94647e-06,4.80976e-06,9.02172e-06,1.52176e-05,2.43319e-05,3.77392e-05,5.74616e-05,8.64736e-05,0.000129151,0.00019193,0.00028428,0.000420128,0.000619963,0.000913925,0.00134635,0.00198245,0.00291818,0.00429464,0.00631946,inf	1058.42,1058.42,1420.7,2077.85,2253.38,2064.8,1915.52,1825.88,1717.9,1645.44,1609.59,1577.52,1531.98,1470.49,1407.19,1338.69,1274.93,1265.13,1332.32,1332.32
0.000181785	-22024656.98	0,1.94647e-06,4.80976e-06,9.02172e-06,1.52176e-05,2.43319e-05,3.77392e-05,5.74616e-05,8.64736e-05,0.000129151,0.00019193,0.00028428,0.000420128,0.000619963,0.000913925,0.00134635,0.00198245,0.00291818,0.00429464,0.00631946,inf	915.014,915.014,1248.74,2150.29,2420.36,2160.79,1983.88,1883.08,1748.77,1661.62,1622.84,1585.36,1524.34,1437.42,1346.46,1250.76,1168.39,1160.61,1253.71,1253.71
0.000191933	-22015458.89	0,1.94647e-06,4.80976e-06,9.02172e-06,1.52176e-05,2.43319e-05,3.77392e-05,5.74616e-05,8.64736e-05,0.000129151,0.00019193,0.00028428,0.000420128,0.000619963,0.000913925,0.00134635,0.00198245,0.00291818,0.00429464,0.00631946,inf	841.809,841.809,1104.52,2197.53,2544.26,2215.4,2025.54,1922.02,1769.96,1675.02,1637.95,1598.93,1525.92,1416.94,1301.3,1182.03,1085.39,1080.52,1194.43,1194.43
0.000202373	-22007292.94	0,1.94647e-06,4.80976e-06,9.02172e-06,1.52176e-05,2.43319e-05,3.77392e-05,5.74616e-05,8.64736e-05,0.000129151,0.00019193,0.00028428,0.000420128,0.000619963,0.000913925,0.00134635,0.00198245,0.00291818,0.00429464,0.00631946,inf	811.082,811.082,995.019,2247.79,2651.43,2249.88,2055.12,1952.09,1786.82,1687.93,1649.46,1610.71,1527.15,1404.47,1266.96,1127.1,1019.08,1017.23,1148.02,1148.02
0.000213085	-21999909.30	0,1.94647e-06,4.80976e-06,9.02172e-06,1.52176e-05,2.43319e-05,3.77392e-05,5.74616e-05,8.64736e-05,0.000129151,0.00019193,0.00028428,0.000420128,0.000619963,0.000913925,0.00134635,0.00198245,0.00291818,0.00429464,0.00631946,inf	801.427,801.427,912.576,2303.65,2744.3,2267.34,2073.59,1972.48,1797.22,1697.03,1664.1,1627.67,1536.68,1397.23,1240.1,1082.1,964.714,965.678,1110.23,1110.23
0.000223961	-21993113.38	0,1.94647e-06,4.80976e-06,9.02172e-06,1.52176e-05,2.43319e-05,3.77392e-05,5.74616e-05,8.64736e-05,0.000129151,0.00019193,0.00028428,0.000420128,0.000619963,0.000913925,0.00134635,0.00198245,0.00291818,0.00429464,0.00631946,inf	804.644,804.644,854.578,2374.51,2833.97,2277.7,2088.09,1988.18,1804.15,1703.71,1676.64,1643.31,1546.59,1392.81,1218.44,1044.53,919.317,922.838,1078.8,1078.8
0.000234962	-21986809.02	0,1.94647e-06,4.80976e-06,9.02172e-06,1.52176e-05,2.43319e-05,3.77392e-05,5.74616e-05,8.64736e-05,0.000129151,0.00019193,0.00028428,0.000420128,0.000619963,0.000913925,0.00134635,0.00198245,0.00291818,0.00429464,0.00631946,inf	814.515,814.515,815.704,2460.04,2921.72,2283.98,2101.08,2001.28,1809.1,1708.85,1687.46,1657.51,1556.28,1390.19,1200.61,1012.66,880.823,886.618,1052.12,1052.12
0.00024606	-21980918.21	0,1.94647e-06,4.80976e-06,9.02172e-06,1.52176e-05,2.43319e-05,3.77392e-05,5.74616e-05,8.64736e-05,0.000129151,0.00019193,0.00028428,0.000420128,0.000619963,0.000913925,0.00134635,0.00198245,0.00291818,0.00429464,0.00631946,inf	827.716,827.716,791.878,2558.51,3006.99,2287.58,2113.71,2012.91,1812.94,1713,1696.88,1670.29,1565.43,1388.71,1185.67,985.268,847.743,855.539,1029.1,1029.1
0.000257231	-21975382.33	0,1.94647e-06,4.80976e-06,9.02172e-06,1.52176e-05,2.43319e-05,3.77392e-05,5.74616e-05,8.64736e-05,0.000129151,0.00019193,0.00028428,0.000420128,0.000619963,0.000913925,0.00134635,0.00198245,0.00291818,0.00429464,0.00631946,inf	842.611,842.611,780.275,2667.81,3088.66,2289.23,2126.5,2023.71,1816.21,1716.56,1705.18,1681.73,1573.87,1387.91,1172.92,961.425,818.979,828.534,1008.94,1008.94
0.000268458	-21970155.95	0,1.94647e-06,4.80976e-06,9.02172e-06,1.52176e-05,2.43319e-05,3.77392e-05,5.74616e-05,8.64736e-05,0.000129151,0.00019193,0.00028428,0.000420128,0.000619963,0.000913925,0.00134635,0.00198245,0.00291818,0.00429464,0.00631946,inf	858.506,858.506,778.793,2786.06,3165.59,2289.37,2139.67,2034.05,1819.24,1719.78,1712.58,1691.96,1581.53,1387.5,1161.86,940.445,793.71,804.811,991.074,991.074
0.000279728	-21965202.94	0,1.94647e-06,4.80976e-06,9.02172e-06,1.52176e-05,2.43319e-05,3.77392e-05,5.74616e-05,8.64736e-05,0.000129151,0.00019193,0.00028428,0.000420128,0.000619963,0.000913925,0.00134635,0.00198245,0.00291818,0.00429464,0.00631946,inf	875.017,875.017,786.096,2911.49,3236.83,2288.31,2153.27,2044.12,1822.23,1722.83,1719.27,1701.12,1588.42,1387.27,1152.11,921.799,771.306,783.77,975.055,975.055
0.00029103	-21960493.89	0,1.94647e-06,4.80976e-06,9.02172e-06,1.52176e-05,2.43319e-05,3.77392e-05,5.74616e-05,8.64736e-05,0.000129151,0.00019193,0.00028428,0.000420128,0.000619963,0.000913925,0.00134635,0.00198245,0.00291818,0.00429464,0.00631946,inf	892.241,892.241,801.214,3042.57,3301.7,2286.34,2167.3,2054.06,1825.31,1725.84,1725.39,1709.33,1594.56,1387.11,1143.39,905.081,751.282,764.952,960.555,960.555
0.000302354	-21956004.47	0,1.94647e-06,4.80976e-06,9.02172e-06,1.52176e-05,2.43319e-05,3.77392e-05,5.74616e-05,8.64736e-05,0.000129151,0.00019193,0.00028428,0.000420128,0.000619963,0.000913925,0.00134635,0.00198245,0.00291818,0.00429464,0.00631946,inf	910.149,910.149,823.43,3177.98,3359.76,2283.67,2181.7,2063.92,1828.55,1728.88,1731.07,1716.73,1600,1386.92,1135.51,889.97,733.255,747.996,947.316,947.316
0.000313694	-21951714.21	0,1.94647e-06,4.80976e-06,9.02172e-06,1.52176e-05,2.43319e-05,3.77392e-05,5.74616e-05,8.64736e-05,0.000129151,0.00019193,0.00028428,0.000420128,0.000619963,0.000913925,0.00134635,0.00198245,0.00291818,0.00429464,0.00631946,inf	928.774,928.774,852.302,3316.56,3410.83,2280.55,2196.42,2073.73,1831.98,1732,1736.39,1723.42,1604.8,1386.66,1128.29,876.213,716.919,732.617,935.135,935.135
0.000325045	-21947605.65	0,1.94647e-06,4.80976e-06,9.02172e-06,1.52176e-05,2.43319e-05,3.77392e-05,5.74616e-05,8.64736e-05,0.000129151,0.00019193,0.00028428,0.000420128,0.000619963,0.000913925,0.00134635,0.00198245,0.00291818,0.00429464,0.00631946,inf	948.166,948.166,887.353,3457.28,3454.89,2277.13,2211.39,2083.51,1835.63,1735.23,1741.45,1729.5,1609.02,1386.3,1121.61,863.608,702.029,718.585,923.85,923.85
0.0003364	-21943663.75	0,1.94647e-06,4.80976e-06,9.02172e-06,1.52176e-05,2.43319e-05,3.77392e-05,5.74616e-05,8.64736e-05,0.000129151,0.00019193,0.00028428,0.000420128,0.000619963,0.000913925,0.00134635,0.00198245,0.00291818,0.00429464,0.00631946,inf	968.353,968.353,928.327,3599.24,3492.09,2273.61,2226.54,2093.27,1839.48,1738.58,1746.28,1735.04,1612.72,1385.81,1115.38,851.99,688.385,705.713,913.329,913.329
0.000347755	-21939875.41	0,1.94647e-06,4.80976e-06,9.02172e-06,1.52176e-05,2.43319e-05,3.77392e-05,5.74616e-05,8.64736e-05,0.000129151,0.00019193,0.00028428,0.000420128,0.000619963,0.000913925,0.00134635,0.00198245,0.00291818,0.00429464,0.00631946,inf	989.314,989.314,974.873,3741.61,3522.65,2270.12,2241.81,2102.98,1843.53,1742.06,1750.93,1740.13,1615.95,1385.19,1109.52,841.227,675.824,693.851,903.467,903.467
0.000359109	-21936229.15	0,1.94647e-06,4.80976e-06,9.02172e-06,1.52176e-05,2.43319e-05,3.77392e-05,5.74616e-05,8.64736e-05,0.000129151,0.00019193,0.00028428,0.000420128,0.000619963,0.000913925,0.00134635,0.00198245,0.00291818,0.00429464,0.00631946,inf	1011.04,1011.04,1026.65,3883.7,3546.94,2266.78,2257.17,2112.65,1847.77,1745.65,1755.45,1744.81,1618.76,1384.45,1103.97,831.207,664.209,682.87,894.175,894.175
0.000370457	-21932714.82	0,1.94647e-06,4.80976e-06,9.02172e-06,1.52176e-05,2.43319e-05,3.77392e-05,5.74616e-05,8.64736e-05,0.000129151,0.00019193,0.00028428,0.000420128,0.000619963,0.000913925,0.00134635,0.00198245,0.00291818,0.00429464,0.00631946,inf	1033.46,1033.46,1083.46,4024.85,3565.32,2263.7,2272.55,2122.26,1852.18,1749.36,1759.85,1749.14,1621.19,1383.57,1098.69,821.839,653.426,672.666,885.38,885.38
0.000381797	-21929323.39	0,1.94647e-06,4.80976e-06,9.02172e-06,1.52176e-05,2.43319e-05,3.77392e-05,5.74616e-05,8.64736e-05,0.000129151,0.00019193,0.00028428,0.000420128,0.000619963,0.000913925,0.00134635,0.00198245,0.00291818,0.00429464,0.00631946,inf	1056.53,1056.53,1144.95,4164.53,3578.24,2260.96,2287.93,2131.8,1856.74,1753.19,1764.16,1753.18,1623.28,1382.57,1093.63,813.047,643.38,663.149,877.022,877.022
0.000393126	-21926046.78	0,1.94647e-06,4.80976e-06,9.02172e-06,1.52176e-05,2.43319e-05,3.77392e-05,5.74616e-05,8.64736e-05,0.000129151,0.00019193,0.00028428,0.000420128,0.000619963,0.000913925,0.00134635,0.00198245,0.00291818,0.00429464,0.00631946,inf	1080.25,1080.25,1210.92,4302.21,3586.17,2258.63,2303.27,2141.28,1861.43,1757.11,1768.39,1756.95,1625.08,1381.45,1088.76,804.766,633.991,654.244,869.049,869.049
0.000404444	-21922877.76	0,1.94647e-06,4.80976e-06,9.02172e-06,1.52176e-05,2.43319e-05,3.77392e-05,5.74616e-05,8.64736e-05,0.000129151,0.00019193,0.00028428,0.000420128,0.000619963,0.000913925,0.00134635,0.00198245,0.00291818,0.00429464,0.00631946,inf	1104.47,1104.47,1281.07,4437.49,3589.56,2256.75,2318.54,2150.67,1866.24,1761.11,1772.55,1760.48,1626.61,1380.22,1084.07,796.942,625.187,645.887,861.419,861.419
0.000415748	-21919809.78	0,1.94647e-06,4.80976e-06,9.02172e-06,1.52176e-05,2.43319e-05,3.77392e-05,5.74616e-05,8.64736e-05,0.000129151,0.00019193,0.00028428,0.000420128,0.000619963,0.000913925,0.00134635,0.00198245,0.00291818,0.00429464,0.00631946,inf	1129.17,1129.17,1355.17,4569.93,3588.88,2255.36,2333.72,2159.97,1871.14,1765.2,1776.66,1763.81,1627.9,1378.9,1079.53,789.528,616.91,638.022,854.094,854.094
0.000427037	-21916836.89	0,1.94647e-06,4.80976e-06,9.02172e-06,1.52176e-05,2.43319e-05,3.77392e-05,5.74616e-05,8.64736e-05,0.000129151,0.00019193,0.00028428,0.000420128,0.000619963,0.000913925,0.00134635,0.00198245,0.00291818,0.00429464,0.00631946,inf	1154.37,1154.37,1433.11,4699.18,3584.55,2254.5,2348.79,2169.18,1876.12,1769.35,1780.71,1766.96,1628.98,1377.48,1075.12,782.485,609.11,630.601,847.042,847.042
0.000438309	-21913953.70	0,1.94647e-06,4.80976e-06,9.02172e-06,1.52176e-05,2.43319e-05,3.77392e-05,5.74616e-05,8.64736e-05,0.000129151,0.00019193,0.00028428,0.000420128,0.000619963,0.000913925,0.00134635,0.00198245,0.00291818,0.00429464,0.00631946,inf	1179.96,1179.96,1514.64,4824.92,3577.01,2254.16,2363.72,2178.28,1881.16,1773.56,1784.73,1769.95,1629.87,1375.98,1070.83,775.778,601.74,623.584,840.237,840.237
0.000449565	-21911155.24	0,1.94647e-06,4.80976e-06,9.02172e-06,1.52176e-05,2.43319e-05,3.77392e-05,5.74616e-05,8.64736e-05,0.000129151,0.00019193,0.00028428,0.000420128,0.000619963,0.000913925,0.00134635,0.00198245,0.00291818,0.00429464,0.00631946,inf	1205.93,1205.93,1599.66,4946.88,3566.68,2254.35,2378.52,2187.27,1886.25,1777.83,1788.71,1772.79,1630.6,1374.4,1066.65,769.377,594.763,616.933,833.654,833.654
0.000460802	-21908437.00	0,1.94647e-06,4.80976e-06,9.02172e-06,1.52176e-05,2.43319e-05,3.77392e-05,5.74616e-05,8.64736e-05,0.000129151,0.00019193,0.00028428,0.000420128,0.000619963,0.000913925,0.00134635,0.00198245,0.00291818,0.00429464,0.00631946,inf	1232.12,1232.12,1688.03,5064.77,3553.94,2255.09,2393.16,2196.16,1891.39,1782.13,1792.65,1775.51,1631.17,1372.75,1062.57,763.256,588.143,610.618,827.273,827.273
0.00047202	-21905794.82	0,1.94647e-06,4.80976e-06,9.02172e-06,1.52176e-05,2.43319e-05,3.77392e-05,5.74616e-05,8.64736e-05,0.000129151,0.00019193,0.00028428,0.000420128,0.000619963,0.000913925,0.00134635,0.00198245,0.00291818,0.00429464,0.00631946,inf	1258.64,1258.64,1779.68,5178.37,3539.16,2256.35,2407.63,2204.93,1896.55,1786.46,1796.56,1778.11,1631.61,1371.05,1058.59,757.393,581.852,604.609,821.076,821.076
0.000483218	-21903224.86	0,1.94647e-06,4.80976e-06,9.02172e-06,1.52176e-05,2.43319e-05,3.77392e-05,5.74616e-05,8.64736e-05,0.000129151,0.00019193,0.00028428,0.000420128,0.000619963,0.000913925,0.00134635,0.00198245,0.00291818,0.00429464,0.00631946,inf	1285.47,1285.47,1874.52,5287.52,3522.65,2258.15,2421.94,2213.58,1901.73,1790.82,1800.44,1780.61,1631.92,1369.29,1054.69,751.767,575.863,598.883,815.047,815.047
0.000494395	-21900723.57	0,1.94647e-06,4.80976e-06,9.02172e-06,1.52176e-05,2.43319e-05,3.77392e-05,5.74616e-05,8.64736e-05,0.000129151,0.00019193,0.00028428,0.000420128,0.000619963,0.000913925,0.00134635,0.00198245,0.00291818,0.00429464,0.00631946,inf	1312.59,1312.59,1972.52,5392.01,3504.72,2260.46,2436.06,2222.11,1906.91,1795.2,1804.29,1783.01,1632.13,1367.48,1050.87,746.36,570.151,593.417,809.172,809.172
0.000505551	-21898287.68	0,1.94647e-06,4.80976e-06,9.02172e-06,1.52176e-05,2.43319e-05,3.77392e-05,5.74616e-05,8.64736e-05,0.000129151,0.00019193,0.00028428,0.000420128,0.000619963,0.000913925,0.00134635,0.00198245,0.00291818,0.00429464,0.00631946,inf	1340.01,1340.01,2073.61,5491.73,3485.64,2263.26,2450.01,2230.52,1912.1,1799.6,1808.11,1785.34,1632.24,1365.62,1047.12,741.158,564.696,588.191,803.439,803.439
0.000516686	-21895914.11	0,1.94647e-06,4.80976e-06,9.02172e-06,1.52176e-05,2.43319e-05,3.77392e-05,5.74616e-05,8.64736e-05,0.000129151,0.00019193,0.00028428,0.000420128,0.000619963,0.000913925,0.00134635,0.00198245,0.00291818,0.00429464,0.00631946,inf	1367.76,1367.76,2177.74,5586.59,3465.66,2266.54,2463.77,2238.81,1917.28,1804.01,1811.91,1787.59,1632.27,1363.73,1043.45,736.145,559.479,583.188,797.837,797.837
0.000527798	-21893600.02	0,1.94647e-06,4.80976e-06,9.02172e-06,1.52176e-05,2.43319e-05,3.77392e-05,5.74616e-05,8.64736e-05,0.000129151,0.00019193,0.00028428,0.000420128,0.000619963,0.000913925,0.00134635,0.00198245,0.00291818,0.00429464,0.00631946,inf	1395.82,1395.82,2284.84,5676.44,3445,2270.28,2477.35,2246.98,1922.45,1808.42,1815.68,1789.76,1632.21,1361.81,1039.84,731.309,554.484,578.393,792.357,792.357
0.000538888	-21891342.77	0,1.94647e-06,4.80976e-06,9.02172e-06,1.52176e-05,2.43319e-05,3.77392e-05,5.74616e-05,8.64736e-05,0.000129151,0.00019193,0.00028428,0.000420128,0.000619963,0.000913925,0.00134635,0.00198245,0.00291818,0.00429464,0.00631946,inf	1424.19,1424.19,2394.88,5761.23,3423.84,2274.45,2490.74,2255.03,1927.6,1812.83,1819.43,1791.88,1632.09,1359.86,1036.3,726.64,549.694,573.79,786.989,786.989
0.000549955	-21889139.88	0,1.94647e-06,4.80976e-06,9.02172e-06,1.52176e-05,2.43319e-05,3.77392e-05,5.74616e-05,8.64736e-05,0.000129151,0.00019193,0.00028428,0.000420128,0.000619963,0.000913925,0.00134635,0.00198245,0.00291818,0.00429464,0.00631946,inf	1452.89,1452.89,2507.83,5840.9,3402.38,2279.04,2503.94,2262.95,1932.73,1817.24,1823.15,1793.94,1631.9,1357.88,1032.82,722.126,545.097,569.368,781.726,781.726
0.000560999	-21886989.02	0,1.94647e-06,4.80976e-06,9.02172e-06,1.52176e-05,2.43319e-05,3.77392e-05,5.74616e-05,8.64736e-05,0.000129151,0.00019193,0.00028428,0.000420128,0.000619963,0.000913925,0.00134635,0.00198245,0.00291818,0.00429464,0.00631946,inf	1481.91,1481.91,2623.62,5915.49,3380.77,2284.03,2516.96,2270.76,1937.83,1821.64,1826.86,1795.94,1631.65,1355.88,1029.4,717.759,540.679,565.114,776.56,776.56
0.00057202	-21884888.04	0,1.94647e-06,4.80976e-06,9.02172e-06,1.52176e-05,2.43319e-05,3.77392e-05,5.74616e-05,8.64736e-05,0.000129151,0.00019193,0.00028428,0.000420128,0.000619963,0.000913925,0.00134635,0.00198245,0.00291818,0.00429464,0.00631946,inf	1511.37,1511.37,2742.18,5984.92,3359.15,2289.4,2529.8,2278.45,1942.9,1826.04,1830.54,1797.9,1631.35,1353.86,1026.03,713.53,536.43,561.018,771.485,771.485
0.000583016	-21882834.86	0,1.94647e-06,4.80976e-06,9.02172e-06,1.52176e-05,2.43319e-05,3.77392e-05,5.74616e-05,8.64736e-05,0.000129151,0.00019193,0.00028428,0.000420128,0.000619963,0.000913925,0.00134635,0.00198245,0.00291818,0.00429464,0.00631946,inf	1541.21,1541.21,2863.44,6049.27,3337.64,2295.13,2542.45,2286.03,1947.94,1830.43,1834.19,1799.81,1631.01,1351.83,1022.72,709.432,532.339,557.07,766.496,766.496
0.000593989	-21880827.57	0,1.94647e-06,4.80976e-06,9.02172e-06,1.52176e-05,2.43319e-05,3.77392e-05,5.74616e-05,8.64736e-05,0.000129151,0.00019193,0.00028428,0.000420128,0.000619963,0.000913925,0.00134635,0.00198245,0.00291818,0.00429464,0.00631946,inf	1571.45,1571.45,2987.32,6108.48,3316.34,2301.21,2554.93,2293.49,1952.95,1834.8,1837.83,1801.67,1630.62,1349.79,1019.46,705.457,528.397,553.262,761.587,761.587
0.000604938	-21878864.37	0,1.94647e-06,4.80976e-06,9.02172e-06,1.52176e-05,2.43319e-05,3.77392e-05,5.74616e-05,8.64736e-05,0.000129151,0.00019193,0.00028428,0.000420128,0.000619963,0.000913925,0.00134635,0.00198245,0.00291818,0.00429464,0.00631946,inf	1602.04,1602.04,3113.74,6162.67,3295.34,2307.61,2567.23,2300.83,1957.91,1839.16,1841.44,1803.5,1630.19,1347.74,1016.26,701.6,524.596,549.585,756.753,756.753
0.000615862	-21876943.55	0,1.94647e-06,4.80976e-06,9.02172e-06,1.52176e-05,2.43319e-05,3.77392e-05,5.74616e-05,8.64736e-05,0.000129151,0.00019193,0.00028428,0.000420128,0.000619963,0.000913925,0.00134635,0.00198245,0.00291818,0.00429464,0.00631946,inf	1633.14,1633.14,3242.58,6211.86,3274.73,2314.32,2579.36,2308.07,1962.85,1843.5,1845.03,1805.29,1629.73,1345.68,1013.1,697.854,520.926,546.033,751.99,751.99
0.000626763	-21875063.50	0,1.94647e-06,4.80976e-06,9.02172e-06,1.52176e-05,2.43319e-05,3.77392e-05,5.74616e-05,8.64736e-05,0.000129151,0.00019193,0.00028428,0.000420128,0.000619963,0.000913925,0.00134635,0.00198245,0.00291818,0.00429464,0.00631946,inf	1664.7,1664.7,3373.73,6256.12,3254.56,2321.32,2591.32,2315.2,1967.74,1847.83,1848.6,1807.05,1629.24,1343.61,1009.99,694.215,517.382,542.598,747.295,747.295
0.000637638	-21873222.68	0,1.94647e-06,4.80976e-06,9.02172e-06,1.52176e-05,2.43319e-05,3.77392e-05,5.74616e-05,8.64736e-05,0.000129151,0.00019193,0.00028428,0.000420128,0.000619963,0.000913925,0.00134635,0.00198245,0.00291818,0.00429464,0.00631946,inf	1696.66,1696.66,3507.08,6295.59,3234.9,2328.6,2603.11,2322.21,1972.59,1852.14,1852.15,1808.77,1628.72,1341.54,1006.93,690.676,513.956,539.275,742.662,742.662
0.00064849	-21871419.67	0,1.94647e-06,4.80976e-06,9.02172e-06,1.52176e-05,2.43319e-05,3.77392e-05,5.74616e-05,8.64736e-05,0.000129151,0.00019193,0.00028428,0.000420128,0.000619963,0.000913925,0.00134635,0.00198245,0.00291818,0.00429464,0.00631946,inf	1729.02,1729.02,3642.51,6330.36,3215.8,2336.13,2614.75,2329.13,1977.39,1856.43,1855.68,1810.47,1628.17,1339.47,1003.92,687.234,510.642,536.056,738.09,738.09
0.000659316	-21869653.09	0,1.94647e-06,4.80976e-06,9.02172e-06,1.52176e-05,2.43319e-05,3.77392e-05,5.74616e-05,8.64736e-05,0.000129151,0.00019193,0.00028428,0.000420128,0.000619963,0.000913925,0.00134635,0.00198245,0.00291818,0.00429464,0.00631946,inf	1761.82,1761.82,3779.76,6360.56,3197.29,2343.92,2626.22,2335.94,1982.16,1860.7,1859.18,1812.13,1627.6,1337.4,1000.95,683.885,507.435,532.938,733.574,733.574
0.000670118	-21867921.66	0,1.94647e-06,4.80976e-06,9.02172e-06,1.52176e-05,2.43319e-05,3.77392e-05,5.74616e-05,8.64736e-05,0.000129151,0.00019193,0.00028428,0.000420128,0.000619963,0.000913925,0.00134635,0.00198245,0.00291818,0.00429464,0.00631946,inf	1795.06,1795.06,3918.8,6386.23,3179.42,2351.95,2637.55,2342.65,1986.88,1864.95,1862.67,1813.77,1627.01,1335.33,998.031,680.623,504.33,529.915,729.112,729.112
0.000680895	-21866224.15	0,1.94647e-06,4.80976e-06,9.02172e-06,1.52176e-05,2.43319e-05,3.77392e-05,5.74616e-05,8.64736e-05,0.000129151,0.00019193,0.00028428,0.000420128,0.000619963,0.000913925,0.00134635,0.00198245,0.00291818,0.00429464,0.00631946,inf	1828.75,1828.75,4059.44,6407.61,3162.22,2360.19,2648.73,2349.26,1991.56,1869.18,1866.14,1815.38,1626.39,1333.27,995.151,677.447,501.32,526.983,724.702,724.702
0.000691648	-21864559.37	0,1.94647e-06,4.80976e-06,9.02172e-06,1.52176e-05,2.43319e-05,3.77392e-05,5.74616e-05,8.64736e-05,0.000129151,0.00019193,0.00028428,0.000420128,0.000619963,0.000913925,0.00134635,0.00198245,0.00291818,0.00429464,0.00631946,inf	1862.85,1862.85,4201.49,6424.82,3145.7,2368.64,2659.76,2355.77,1996.2,1873.39,1869.58,1816.96,1625.76,1331.2,992.313,674.352,498.403,524.137,720.341,720.341
0.000702376	-21862926.25	0,1.94647e-06,4.80976e-06,9.02172e-06,1.52176e-05,2.43319e-05,3.77392e-05,5.74616e-05,8.64736e-05,0.000129151,0.00019193,0.00028428,0.000420128,0.000619963,0.000913925,0.00134635,0.00198245,0.00291818,0.00429464,0.00631946,inf	1897.4,1897.4,4344.74,6437.99,3129.88,2377.29,2670.64,2362.18,2000.79,1877.57,1873,1818.52,1625.12,1329.14,989.517,671.335,495.573,521.374,716.025,716.025
0.000713079	-21861323.70	0,1.94647e-06,4.80976e-06,9.02172e-06,1.52176e-05,2.43319e-05,3.77392e-05,5.74616e-05,8.64736e-05,0.000129151,0.00019193,0.00028428,0.000420128,0.000619963,0.000913925,0.00134635,0.00198245,0.00291818,0.00429464,0.00631946,inf	1932.35,1932.35,4488.99,6447.29,3114.77,2386.12,2681.4,2368.51,2005.34,1881.74,1876.4,1820.06,1624.46,1327.09,986.763,668.393,492.826,518.689,711.755,711.755
0.000723757	-21859750.74	0,1.94647e-06,4.80976e-06,9.02172e-06,1.52176e-05,2.43319e-05,3.77392e-05,5.74616e-05,8.64736e-05,0.000129151,0.00019193,0.00028428,0.000420128,0.000619963,0.000913925,0.00134635,0.00198245,0.00291818,0.00429464,0.00631946,inf	1967.74,1967.74,4634.09,6452.89,3100.4,2395.14,2692.02,2374.74,2009.85,1885.88,1879.79,1821.57,1623.78,1325.04,984.048,665.523,490.16,516.08,707.526,707.526
0.00073441	-21858206.40	0,1.94647e-06,4.80976e-06,9.02172e-06,1.52176e-05,2.43319e-05,3.77392e-05,5.74616e-05,8.64736e-05,0.000129151,0.00019193,0.00028428,0.000420128,0.000619963,0.000913925,0.00134635,0.00198245,0.00291818,0.00429464,0.00631946,inf	2003.48,2003.48,4779.86,6455,3086.76,2404.31,2702.51,2380.88,2014.31,1889.99,1883.15,1823.06,1623.09,1323.01,981.373,662.723,487.57,513.543,703.338,703.338
0.000745039	-21856689.78	0,1.94647e-06,4.80976e-06,9.02172e-06,1.52176e-05,2.43319e-05,3.77392e-05,5.74616e-05,8.64736e-05,0.000129151,0.00019193,0.00028428,0.000420128,0.000619963,0.000913925,0.00134635,0.00198245,0.00291818,0.00429464,0.00631946,inf	2039.58,2039.58,4926.08,6453.79,3073.85,2413.66,2712.88,2386.93,2018.73,1894.09,1886.49,1824.53,1622.39,1320.98,978.736,659.99,485.053,511.076,699.189,699.189
0.000755643	-21855200.01	0,1.94647e-06,4.80976e-06,9.02172e-06,1.52176e-05,2.43319e-05,3.77392e-05,5.74616e-05,8.64736e-05,0.000129151,0.00019193,0.00028428,0.000420128,0.000619963,0.000913925,0.00134635,0.00198245,0.00291818,0.00429464,0.00631946,inf	2076.07,2076.07,5072.55,6449.4,3061.67,2423.15,2723.12,2392.9,2023.1,1898.16,1889.81,1825.98,1621.68,1318.95,976.138,657.322,482.607,508.674,695.077,695.077
0.000766223	-21853736.26	0,1.94647e-06,4.80976e-06,9.02172e-06,1.52176e-05,2.43319e-05,3.77392e-05,5.74616e-05,8.64736e-05,0.000129151,0.00019193,0.00028428,0.000420128,0.000619963,0.000913925,0.00134635,0.00198245,0.00291818,0.00429464,0.00631946,inf	2112.94,2112.94,5219.12,6442.03,3050.22,2432.79,2733.24,2398.78,2027.43,1902.21,1893.11,1827.41,1620.96,1316.94,973.577,654.716,480.228,506.337,691,691
0.000776778	-21852297.72	0,1.94647e-06,4.80976e-06,9.02172e-06,1.52176e-05,2.43319e-05,3.77392e-05,5.74616e-05,8.64736e-05,0.000129151,0.00019193,0.00028428,0.000420128,0.000619963,0.000913925,0.00134635,0.00198245,0.00291818,0.00429464,0.00631946,inf	2150.06,2150.06,5365.61,6431.87,3039.51,2442.56,2743.25,2404.57,2031.72,1906.23,1896.39,1828.82,1620.24,1314.94,971.052,652.171,477.913,504.061,686.957,686.957
0.000787308	-21850883.64	0,1.94647e-06,4.80976e-06,9.02172e-06,1.52176e-05,2.43319e-05,3.77392e-05,5.74616e-05,8.64736e-05,0.000129151,0.00019193,0.00028428,0.000420128,0.000619963,0.000913925,0.00134635,0.00198245,0.00291818,0.00429464,0.00631946,inf	2187.51,2187.51,5511.8,6419.11,3029.51,2452.45,2753.13,2410.28,2035.97,1910.23,1899.65,1830.22,1619.5,1312.94,968.564,649.685,475.661,501.843,682.947,682.947
0.000797814	-21849493.31	0,1.94647e-06,4.80976e-06,9.02172e-06,1.52176e-05,2.43319e-05,3.77392e-05,5.74616e-05,8.64736e-05,0.000129151,0.00019193,0.00028428,0.000420128,0.000619963,0.000913925,0.00134635,0.00198245,0.00291818,0.00429464,0.00631946,inf	2225.25,2225.25,5657.53,6403.92,3020.24,2462.47,2762.91,2415.91,2040.17,1914.21,1902.9,1831.59,1618.75,1310.96,966.112,647.256,473.469,499.682,678.969,678.969
0.000808295	-21848126.02	0,1.94647e-06,4.80976e-06,9.02172e-06,1.52176e-05,2.43319e-05,3.77392e-05,5.74616e-05,8.64736e-05,0.000129151,0.00019193,0.00028428,0.000420128,0.000619963,0.000913925,0.00134635,0.00198245,0.00291818,0.00429464,0.00631946,inf	2263.3,2263.3,5802.63,6386.44,3011.66,2472.59,2772.57,2421.46,2044.34,1918.17,1906.12,1832.94,1618,1308.99,963.694,644.882,471.334,497.577,675.02,675.02
0.000818752	-21846781.11	0,1.94647e-06,4.80976e-06,9.02172e-06,1.52176e-05,2.43319e-05,3.77392e-05,5.74616e-05,8.64736e-05,0.000129151,0.00019193,0.00028428,0.000420128,0.000619963,0.000913925,0.00134635,0.00198245,0.00291818,0.00429464,0.00631946,inf	2301.64,2301.64,5946.98,6366.87,3003.78,2482.81,2782.11,2426.93,2048.46,1922.1,1909.32,1834.28,1617.25,1307.03,961.311,642.56,469.255,495.523,671.101,671.101
0.000829185	-21845457.94	0,1.94647e-06,4.80976e-06,9.02172e-06,1.52176e-05,2.43319e-05,3.77392e-05,5.74616e-05,8.64736e-05,0.000129151,0.00019193,0.00028428,0.000420128,0.000619963,0.000913925,0.00134635,0.00198245,0.00291818,0.00429464,0.00631946,inf	2340.26,2340.26,6090.38,6345.37,2996.58,2493.13,2791.55,2432.32,2052.54,1926.01,1912.5,1835.6,1616.48,1305.08,958.962,640.291,467.23,493.521,667.209,667.209
0.000839593	-21844155.90	0,1.94647e-06,4.80976e-06,9.02172e-06,1.52176e-05,2.43319e-05,3.77392e-05,5.74616e-05,8.64736e-05,0.000129151,0.00019193,0.00028428,0.000420128,0.000619963,0.000913925,0.00134635,0.00198245,0.00291818,0.00429464,0.00631946,inf	2379.23,2379.23,6232.69,6322.14,2990.07,2503.54,2800.89,2437.63,2056.58,1929.89,1915.66,1836.9,1615.72,1303.14,956.647,638.072,465.256,491.568,663.344,663.344
0.000849977	-21842874.40	0,1.94647e-06,4.80976e-06,9.02172e-06,1.52176e-05,2.43319e-05,3.77392e-05,5.74616e-05,8.64736e-05,0.000129151,0.00019193,0.00028428,0.000420128,0.000619963,0.000913925,0.00134635,0.00198245,0.00291818,0.00429464,0.00631946,inf	2418.36,2418.36,6373.8,6297.31,2984.21,2514.03,2810.11,2442.86,2060.58,1933.75,1918.8,1838.19,1614.94,1301.22,954.364,635.902,463.332,489.662,659.505,659.505
0.000860337	-21841612.88	0,1.94647e-06,4.80976e-06,9.02172e-06,1.52176e-05,2.43319e-05,3.77392e-05,5.74616e-05,8.64736e-05,0.000129151,0.00019193,0.00028428,0.000420128,0.000619963,0.000913925,0.00134635,0.00198245,0.00291818,0.00429464,0.00631946,inf	2457.77,2457.77,6513.58,6271.01,2978.98,2524.59,2819.23,2448.02,2064.53,1937.59,1921.93,1839.46,1614.17,1299.3,952.114,633.779,461.456,487.803,655.691,655.691
0.000870672	-21840370.80	0,1.94647e-06,4.80976e-06,9.02172e-06,1.52176e-05,2.43319e-05,3.77392e-05,5.74616e-05,8.64736e-05,0.000129151,0.00019193,0.00028428,0.000420128,0.000619963,0.000913925,0.00134635,0.00198245,0.00291818,0.00429464,0.00631946,inf	2497.49,2497.49,6651.93,6243.44,2974.4,2535.23,2828.24,2453.1,2068.45,1941.4,1925.03,1840.71,1613.39,1297.4,949.896,631.702,459.627,485.988,651.901,651.901
0.000880984	-21839147.63	0,1.94647e-06,4.80976e-06,9.02172e-06,1.52176e-05,2.43319e-05,3.77392e-05,5.74616e-05,8.64736e-05,0.000129151,0.00019193,0.00028428,0.000420128,0.000619963,0.000913925,0.00134635,0.00198245,0.00291818,0.00429464,0.00631946,inf	2537.42,2537.42,6788.68,6214.7,2970.41,2545.92,2837.15,2458.1,2072.33,1945.2,1928.11,1841.95,1612.6,1295.52,947.71,629.671,457.843,484.216,648.135,648.135
0.000891272	-21837942.86	0,1.94647e-06,4.80976e-06,9.02172e-06,1.52176e-05,2.43319e-05,3.77392e-05,5.74616e-05,8.64736e-05,0.000129151,0.00019193,0.00028428,0.000420128,0.000619963,0.000913925,0.00134635,0.00198245,0.00291818,0.00429464,0.00631946,inf	2577.71,2577.71,6923.8,6184.94,2967.04,2556.66,2845.95,2463.03,2076.17,1948.96,1931.18,1843.17,1611.81,1293.64,945.555,627.683,456.102,482.486,644.39,644.39
0.000901536	-21836756.02	0,1.94647e-06,4.80976e-06,9.02172e-06,1.52176e-05,2.43319e-05,3.77392e-05,5.74616e-05,8.64736e-05,0.000129151,0.00019193,0.00028428,0.000420128,0.000619963,0.000913925,0.00134635,0.00198245,0.00291818,0.00429464,0.00631946,inf	2618.31,2618.31,7057.12,6154.29,2964.25,2567.45,2854.65,2467.89,2079.98,1952.71,1934.22,1844.37,1611.02,1291.78,943.431,625.737,454.404,480.796,640.667,640.667
0.000911776	-21835586.63	0,1.94647e-06,4.80976e-06,9.02172e-06,1.52176e-05,2.43319e-05,3.77392e-05,5.74616e-05,8.64736e-05,0.000129151,0.00019193,0.00028428,0.000420128,0.000619963,0.000913925,0.00134635,0.00198245,0.00291818,0.00429464,0.00631946,inf	2659.17,2659.17,7188.63,6122.84,2962.03,2578.29,2863.25,2472.68,2083.74,1956.44,1937.25,1845.56,1610.23,1289.93,941.338,623.834,452.747,479.146,636.965,636.965
0.000921993	-21834434.25	0,1.94647e-06,4.80976e-06,9.02172e-06,1.52176e-05,2.43319e-05,3.77392e-05,5.74616e-05,8.64736e-05,0.000129151,0.00019193,0.00028428,0.000420128,0.000619963,0.000913925,0.00134635,0.00198245,0.00291818,0.00429464,0.00631946,inf	2700.29,2700.29,7318.25,6090.77,2960.36,2589.16,2871.74,2477.39,2087.47,1960.14,1940.26,1846.74,1609.43,1288.1,939.274,621.97,451.129,477.534,633.283,633.283
0.000932186	-21833298.43	0,1.94647e-06,4.80976e-06,9.02172e-06,1.52176e-05,2.43319e-05,3.77392e-05,5.74616e-05,8.64736e-05,0.000129151,0.00019193,0.00028428,0.000420128,0.000619963,0.000913925,0.00134635,0.00198245,0.00291818,0.00429464,0.00631946,inf	2741.69,2741.69,7445.86,6058.09,2959.22,2600.06,2880.14,2482.04,2091.16,1963.82,1943.25,1847.9,1608.63,1286.28,937.24,620.147,449.551,475.959,629.621,629.621
0.000942355	-21832178.76	0,1.94647e-06,4.80976e-06,9.02172e-06,1.52176e-05,2.43319e-05,3.77392e-05,5.74616e-05,8.64736e-05,0.000129151,0.00019193,0.00028428,0.000420128,0.000619963,0.000913925,0.00134635,0.00198245,0.00291818,0.00429464,0.00631946,inf	2783.45,2783.45,7571.43,6024.96,2958.61,2610.99,2888.42,2486.61,2094.82,1967.48,1946.22,1849.04,1607.83,1284.47,935.234,618.362,448.009,474.42,625.977,625.977
0.000952502	-21831074.85	0,1.94647e-06,4.80976e-06,9.02172e-06,1.52176e-05,2.43319e-05,3.77392e-05,5.74616e-05,8.64736e-05,0.000129151,0.00019193,0.00028428,0.000420128,0.000619963,0.000913925,0.00134635,0.00198245,0.00291818,0.00429464,0.00631946,inf	2825.51,2825.51,7694.91,5991.43,2958.49,2621.94,2896.61,2491.12,2098.44,1971.12,1949.17,1850.17,1607.03,1282.67,933.258,616.614,446.504,472.916,622.351,622.351
0.000962625	-21829986.29	0,1.94647e-06,4.80976e-06,9.02172e-06,1.52176e-05,2.43319e-05,3.77392e-05,5.74616e-05,8.64736e-05,0.000129151,0.00019193,0.00028428,0.000420128,0.000619963,0.000913925,0.00134635,0.00198245,0.00291818,0.00429464,0.00631946,inf	2867.88,2867.88,7816.27,5957.66,2958.86,2632.9,2904.69,2495.55,2102.02,1974.74,1952.11,1851.29,1606.22,1280.89,931.31,614.904,445.035,471.446,618.743,618.743
0.000972725	-21828912.70	0,1.94647e-06,4.80976e-06,9.02172e-06,1.52176e-05,2.43319e-05,3.77392e-05,5.74616e-05,8.64736e-05,0.000129151,0.00019193,0.00028428,0.000420128,0.000619963,0.000913925,0.00134635,0.00198245,0.00291818,0.00429464,0.00631946,inf	2910.58,2910.58,7935.49,5923.69,2959.71,2643.87,2912.67,2499.92,2105.58,1978.34,1955.03,1852.39,1605.42,1279.13,929.39,613.229,443.599,470.01,615.152,615.152
0.000982803	-21827853.71	0,1.94647e-06,4.80976e-06,9.02172e-06,1.52176e-05,2.43319e-05,3.77392e-05,5.74616e-05,8.64736e-05,0.000129151,0.00019193,0.00028428,0.000420128,0.000619963,0.000913925,0.00134635,0.00198245,0.00291818,0.00429464,0.00631946,inf	2953.7,2953.7,8052.5,5889.59,2961,2654.84,2920.55,2504.23,2109.09,1981.91,1957.93,1853.48,1604.61,1277.37,927.499,611.59,442.198,468.606,611.577,611.577
0.000992857	-21826808.97	0,1.94647e-06,4.80976e-06,9.02172e-06,1.52176e-05,2.43319e-05,3.77392e-05,5.74616e-05,8.64736e-05,0.000129151,0.00019193,0.00028428,0.000420128,0.000619963,0.000913925,0.00134635,0.00198245,0.00291818,0.00429464,0.00631946,inf	2997.07,2997.07,8167.2,5855.43,2962.74,2665.81,2928.33,2508.46,2112.58,1985.47,1960.81,1854.56,1603.8,1275.63,925.634,609.985,440.829,467.234,608.019,608.019
0.00100289	-21825778.14	0,1.94647e-06,4.80976e-06,9.02172e-06,1.52176e-05,2.43319e-05,3.77392e-05,5.74616e-05,8.64736e-05,0.000129151,0.00019193,0.00028428,0.000420128,0.000619963,0.000913925,0.00134635,0.00198245,0.00291818,0.00429464,0.00631946,inf	3040.85,3040.85,8279.66,5821.27,2964.91,2676.78,2936.01,2512.64,2116.04,1989.01,1963.67,1855.62,1602.99,1273.91,923.796,608.414,439.492,465.892,604.475,604.475
0.0010129	-21824760.89	0,1.94647e-06,4.80976e-06,9.02172e-06,1.52176e-05,2.43319e-05,3.77392e-05,5.74616e-05,8.64736e-05,0.000129151,0.00019193,0.00028428,0.000420128,0.000619963,0.000913925,0.00134635,0.00198245,0.00291818,0.00429464,0.00631946,inf	3084.99,3084.99,8389.84,5787.19,2967.49,2687.74,2943.59,2516.75,2119.46,1992.53,1966.52,1856.67,1602.18,1272.19,921.986,606.876,438.185,464.581,600.947,600.947
0.00102289	-21823756.89	0,1.94647e-06,4.80976e-06,9.02172e-06,1.52176e-05,2.43319e-05,3.77392e-05,5.74616e-05,8.64736e-05,0.000129151,0.00019193,0.00028428,0.000420128,0.000619963,0.000913925,0.00134635,0.00198245,0.00291818,0.00429464,0.00631946,inf	3129.5,3129.5,8497.74,5753.24,2970.46,2698.69,2951.07,2520.8,2122.85,1996.03,1969.35,1857.7,1601.37,1270.49,920.201,605.37,436.909,463.299,597.433,597.433
0.00103285	-21822765.83	0,1.94647e-06,4.80976e-06,9.02172e-06,1.52176e-05,2.43319e-05,3.77392e-05,5.74616e-05,8.64736e-05,0.000129151,0.00019193,0.00028428,0.000420128,0.000619963,0.000913925,0.00134635,0.00198245,0.00291818,0.00429464,0.00631946,inf	3174.42,3174.42,8603.35,5719.44,2973.82,2709.61,2958.45,2524.78,2126.21,1999.51,1972.16,1858.72,1600.56,1268.81,918.443,603.896,435.662,462.046,593.933,593.933
0.00104279	-21821787.40	0,1.94647e-06,4.80976e-06,9.02172e-06,1.52176e-05,2.43319e-05,3.77392e-05,5.74616e-05,8.64736e-05,0.000129151,0.00019193,0.00028428,0.000420128,0.000619963,0.000913925,0.00134635,0.00198245,0.00291818,0.00429464,0.00631946,inf	3219.72,3219.72,8706.67,5685.87,2977.55,2720.51,2965.74,2528.7,2129.55,2002.98,1974.96,1859.73,1599.74,1267.14,916.711,602.453,434.444,460.821,590.447,590.447
0.00105271	-21820821.31	0,1.94647e-06,4.80976e-06,9.02172e-06,1.52176e-05,2.43319e-05,3.77392e-05,5.74616e-05,8.64736e-05,0.000129151,0.00019193,0.00028428,0.000420128,0.000619963,0.000913925,0.00134635,0.00198245,0.00291818,0.00429464,0.00631946,inf	3265.42,3265.42,8807.66,5652.56,2981.64,2731.39,2972.92,2532.57,2132.85,2006.42,1977.74,1860.72,1598.93,1265.48,915.004,601.041,433.255,459.623,586.973,586.973
0.00106261	-21819867.29	0,1.94647e-06,4.80976e-06,9.02172e-06,1.52176e-05,2.43319e-05,3.77392e-05,5.74616e-05,8.64736e-05,0.000129151,0.00019193,0.00028428,0.000420128,0.000619963,0.000913925,0.00134635,0.00198245,0.00291818,0.00429464,0.00631946,inf	3311.55,3311.55,8906.36,5619.56,2986.07,2742.24,2980.01,2536.38,2136.12,2009.85,1980.5,1861.7,1598.12,1263.83,913.322,599.658,432.092,458.452,583.513,583.513
0.00107249	-21818925.03	0,1.94647e-06,4.80976e-06,9.02172e-06,1.52176e-05,2.43319e-05,3.77392e-05,5.74616e-05,8.64736e-05,0.000129151,0.00019193,0.00028428,0.000420128,0.000619963,0.000913925,0.00134635,0.00198245,0.00291818,0.00429464,0.00631946,inf	3358.01,3358.01,9002.76,5586.9,2990.83,2753.05,2987,2540.12,2139.37,2013.26,1983.24,1862.67,1597.3,1262.2,911.666,598.305,430.956,457.307,580.064,580.064
0.00108235	-21817994.28	0,1.94647e-06,4.80976e-06,9.02172e-06,1.52176e-05,2.43319e-05,3.77392e-05,5.74616e-05,8.64736e-05,0.000129151,0.00019193,0.00028428,0.000420128,0.000619963,0.000913925,0.00134635,0.00198245,0.00291818,0.00429464,0.00631946,inf	3405.01,3405.01,9096.88,5554.58,2995.9,2763.83,2993.9,2543.82,2142.59,2016.66,1985.97,1863.63,1596.49,1260.59,910.034,596.98,429.847,456.188,576.628,576.628
0.00109218	-21817074.78	0,1.94647e-06,4.80976e-06,9.02172e-06,1.52176e-05,2.43319e-05,3.77392e-05,5.74616e-05,8.64736e-05,0.000129151,0.00019193,0.00028428,0.000420128,0.000619963,0.000913925,0.00134635,0.00198245,0.00291818,0.00429464,0.00631946,inf	3452.38,3452.38,9188.77,5522.66,3001.28,2774.57,3000.7,2547.45,2145.79,2020.04,1988.69,1864.57,1595.68,1258.98,908.427,595.684,428.763,455.094,573.203,573.203
