0.000163371	-21896102.86	0,1.96564e-06,4.85713e-06,9.11058e-06,1.53675e-05,2.45715e-05,3.81109e-05,5.80275e-05,8.73253e-05,0.000130423,0.000193821,0.00028708,0.000424266,0.000626069,0.000922926,0.00135961,0.00200198,0.00294692,0.00433694,0.0063817,inf	1800.07,1800.07,2055.5,2239.98,2157.11,1951.78,1790.86,1701.55,1639.46,1596.74,1568.53,1548.98,1525.6,1494.82,1460.91,1427.5,1383.28,1330.03,1324.26,1324.26
0.000171497	-21881018.55	0,1.96564e-06,4.85713e-06,9.11058e-06,1.53675e-05,2.45715e-05,3.81109e-05,5.80275e-05,8.73253e-05,0.000130423,0.000193821,0.00028708,0.000424266,0.000626069,0.000922926,0.00135961,0.00200198,0.00294692,0.00433694,0.0063817,inf	1676.53,1676.53,2169.81,2615.63,2514,2162.66,1903.16,1768.19,1673.92,1609.1,1567.06,1536.74,1494.44,1434.88,1368.58,1305.78,1232.97,1160.44,1156.06,1156.06
0.000180411	-21869317.98	0,1.96564e-06,4.85713e-06,9.11058e-06,1.53675e-05,2.45715e-05,3.81109e-05,5.80275e-05,8.73253e-05,0.000130423,0.000193821,0.00028708,0.000424266,0.000626069,0.000922926,0.00135961,0.00200198,0.00294692,0.00433694,0.0063817,inf	1506.6,1506.6,2132.52,2827.43,2735.77,2281.19,1964.28,1808.82,1699.41,1624.43,1577.28,1542.15,1484.9,1399.55,1303.69,1215.17,1122.28,1043.26,1039.58,1039.58
0.000189854	-21859597.79	0,1.96564e-06,4.85713e-06,9.11058e-06,1.53675e-05,2.45715e-05,3.81109e-05,5.80275e-05,8.73253e-05,0.000130423,0.000193821,0.00028708,0.000424266,0.000626069,0.000922926,0.00135961,0.00200198,0.00294692,0.00433694,0.0063817,inf	1377.77,1377.77,2056.46,2963.09,2882.22,2346.73,1996.06,1832.9,1717.23,1638.61,1591.51,1555.54,1486.8,1378.91,1256.62,1145.63,1037.77,957.578,952.945,952.945
0.000199666	-21851181.04	0,1.96564e-06,4.85713e-06,9.11058e-06,1.53675e-05,2.45715e-05,3.81109e-05,5.80275e-05,8.73253e-05,0.000130423,0.000193821,0.00028708,0.000424266,0.000626069,0.000922926,0.00135961,0.00200198,0.00294692,0.00433694,0.0063817,inf	1297.66,1297.66,1986.99,3071.27,2989.62,2383.42,2012.09,1847.04,1729.31,1650.33,1606.14,1571.9,1494.52,1367.2,1221.55,1090.93,971.383,892.315,885.253,885.253
0.000209744	-21843697.60	0,1.96564e-06,4.85713e-06,9.11058e-06,1.53675e-05,2.45715e-05,3.81109e-05,5.80275e-05,8.73253e-05,0.000130423,0.000193821,0.00028708,0.000424266,0.000626069,0.000922926,0.00135961,0.00200198,0.00294692,0.00433694,0.0063817,inf	1254.67,1254.67,1937.86,3174.48,3076.82,2404.68,2020.31,1855.55,1737.42,1659.53,1619.66,1588.68,1504.91,1361.02,1194.8,1046.97,918.029,841.06,830.406,830.406
0.000220016	-21836922.69	0,1.96564e-06,4.85713e-06,9.11058e-06,1.53675e-05,2.45715e-05,3.81109e-05,5.80275e-05,8.73253e-05,0.000130423,0.000193821,0.00028708,0.000424266,0.000626069,0.000922926,0.00135961,0.00200198,0.00294692,0.00433694,0.0063817,inf	1236.3,1236.3,1910.8,3281.41,3152.78,2417.68,2025.09,1861.09,1742.97,1666.59,1631.59,1604.65,1516.23,1358.23,1173.95,1011,874.33,799.833,784.704,784.704
0.000230435	-21830708.69	0,1.96564e-06,4.85713e-06,9.11058e-06,1.53675e-05,2.45715e-05,3.81109e-05,5.80275e-05,8.73253e-05,0.000130423,0.000193821,0.00028708,0.000424266,0.000626069,0.000922926,0.00135961,0.00200198,0.00294692,0.00433694,0.0063817,inf	1233.41,1233.41,1903.93,3394.33,3221.26,2426.18,2028.79,1865.27,1746.98,1672.02,1641.9,1619.29,1527.49,1357.52,1157.38,981.103,837.964,766.036,745.765,745.765
0.000240964	-21824952.78	0,1.96564e-06,4.85713e-06,9.11058e-06,1.53675e-05,2.45715e-05,3.81109e-05,5.80275e-05,8.73253e-05,0.000130423,0.000193821,0.00028708,0.000424266,0.000626069,0.000922926,0.00135961,0.00200198,0.00294692,0.00433694,0.0063817,inf	1239.77,1239.77,1914.62,3512.66,3283.66,2432.09,2032.62,1869.04,1750.15,1676.29,1650.79,1632.45,1538.18,1358.03,1143.97,955.896,807.287,737.898,711.985,711.985
0.00025158	-21819580.20	0,1.96564e-06,4.85713e-06,9.11058e-06,1.53675e-05,2.45715e-05,3.81109e-05,5.80275e-05,8.73253e-05,0.000130423,0.000193821,0.00028708,0.000424266,0.000626069,0.000922926,0.00135961,0.00200198,0.00294692,0.00433694,0.0063817,inf	1251.55,1251.55,1940.57,3634.88,3340.37,2436.46,2037.15,1872.93,1752.95,1679.78,1658.48,1644.15,1548.05,1359.22,1132.91,934.378,781.103,714.17,682.24,682.24
0.000262262	-21814534.63	0,1.96564e-06,4.85713e-06,9.11058e-06,1.53675e-05,2.45715e-05,3.81109e-05,5.80275e-05,8.73253e-05,0.000130423,0.000193821,0.00028708,0.000424266,0.000626069,0.000922926,0.00135961,0.00200198,0.00294692,0.00433694,0.0063817,inf	1266.42,1266.42,1980.04,3759.21,3391.44,2439.85,2042.6,1877.19,1755.67,1682.79,1665.2,1654.5,1556.99,1360.74,1123.63,915.798,758.526,693.946,655.719,655.719
0.000272997	-21809772.45	0,1.96564e-06,4.85713e-06,9.11058e-06,1.53675e-05,2.45715e-05,3.81109e-05,5.80275e-05,8.73253e-05,0.000130423,0.000193821,0.00028708,0.000424266,0.000626069,0.000922926,0.00135961,0.00200198,0.00294692,0.00433694,0.0063817,inf	1283.19,1283.19,2031.64,3883.93,3436.83,2442.57,2049.02,1881.96,1758.49,1685.51,1671.17,1663.65,1564.99,1362.36,1115.72,899.591,738.883,676.554,631.82,631.82
0.000283773	-21805259.06	0,1.96564e-06,4.85713e-06,9.11058e-06,1.53675e-05,2.45715e-05,3.81109e-05,5.80275e-05,8.73253e-05,0.000130423,0.000193821,0.00028708,0.000424266,0.000626069,0.000922926,0.00135961,0.00200198,0.00294692,0.00433694,0.0063817,inf	1301.13,1301.13,2094.23,4007.6,3476.58,2444.85,2056.34,1887.26,1761.5,1688.11,1676.55,1671.76,1572.09,1363.92,1108.86,885.323,721.658,661.484,610.087,610.087
0.000294582	-21800966.48	0,1.96564e-06,4.85713e-06,9.11058e-06,1.53675e-05,2.45715e-05,3.81109e-05,5.80275e-05,8.73253e-05,0.000130423,0.000193821,0.00028708,0.000424266,0.000626069,0.000922926,0.00135961,0.00200198,0.00294692,0.00433694,0.0063817,inf	1319.89,1319.89,2166.93,4129,3510.85,2446.83,2064.48,1893.08,1764.76,1690.69,1681.48,1678.95,1578.33,1365.35,1102.81,872.655,706.446,648.341,590.17,590.17
0.000305418	-21796871.66	0,1.96564e-06,4.85713e-06,9.11058e-06,1.53675e-05,2.45715e-05,3.81109e-05,5.80275e-05,8.73253e-05,0.000130423,0.000193821,0.00028708,0.000424266,0.000626069,0.000922926,0.00135961,0.00200198,0.00294692,0.00433694,0.0063817,inf	1339.34,1339.34,2249.18,4247.13,3539.89,2448.63,2073.32,1899.37,1768.29,1693.31,1686.07,1685.36,1583.79,1366.58,1097.41,861.322,692.928,636.818,571.794,571.794
0.000316274	-21792955.29	0,1.96564e-06,4.85713e-06,9.11058e-06,1.53675e-05,2.45715e-05,3.81109e-05,5.80275e-05,8.73253e-05,0.000130423,0.000193821,0.00028708,0.000424266,0.000626069,0.000922926,0.00135961,0.00200198,0.00294692,0.00433694,0.0063817,inf	1359.46,1359.46,2340.24,4361.28,3563.97,2450.35,2082.76,1906.07,1772.07,1696.02,1690.41,1691.09,1588.54,1367.59,1092.51,851.113,680.849,626.668,554.738,554.738
0.000327149	-21789201.08	0,1.96564e-06,4.85713e-06,9.11058e-06,1.53675e-05,2.45715e-05,3.81109e-05,5.80275e-05,8.73253e-05,0.000130423,0.000193821,0.00028708,0.000424266,0.000626069,0.000922926,0.00135961,0.00200198,0.00294692,0.00433694,0.0063817,inf	1380.29,1380.29,2439.71,4470.8,3583.47,2452.05,2092.69,1913.14,1776.09,1698.85,1694.55,1696.24,1592.65,1368.36,1088.02,841.858,670.002,617.693,538.827,538.827
0.000338037	-21785595.09	0,1.96564e-06,4.85713e-06,9.11058e-06,1.53675e-05,2.45715e-05,3.81109e-05,5.80275e-05,8.73253e-05,0.000130423,0.000193821,0.00028708,0.000424266,0.000626069,0.000922926,0.00135961,0.00200198,0.00294692,0.00433694,0.0063817,inf	1401.82,1401.82,2546.85,4575.31,3598.78,2453.82,2103.03,1920.5,1780.33,1701.81,1698.55,1700.9,1596.19,1368.89,1083.85,833.419,660.219,609.734,523.916,523.916
0.000348937	-21782125.24	0,1.96564e-06,4.85713e-06,9.11058e-06,1.53675e-05,2.45715e-05,3.81109e-05,5.80275e-05,8.73253e-05,0.000130423,0.000193821,0.00028708,0.000424266,0.000626069,0.000922926,0.00135961,0.00200198,0.00294692,0.00433694,0.0063817,inf	1424,1424,2661.22,4674.49,3610.28,2455.71,2113.68,1928.11,1784.77,1704.91,1702.45,1705.13,1599.21,1369.19,1079.94,825.684,651.359,602.657,509.886,509.886
0.000359847	-21778781.01	0,1.96564e-06,4.85713e-06,9.11058e-06,1.53675e-05,2.45715e-05,3.81109e-05,5.80275e-05,8.73253e-05,0.000130423,0.000193821,0.00028708,0.000424266,0.000626069,0.000922926,0.00135961,0.00200198,0.00294692,0.00433694,0.0063817,inf	1447.05,1447.05,2782.36,4768.17,3618.36,2457.77,2124.57,1935.92,1789.38,1708.15,1706.27,1709,1601.77,1369.26,1076.25,818.56,643.308,596.354,496.64,496.64
0.000370765	-21775553.18	0,1.96564e-06,4.85713e-06,9.11058e-06,1.53675e-05,2.45715e-05,3.81109e-05,5.80275e-05,8.73253e-05,0.000130423,0.000193821,0.00028708,0.000424266,0.000626069,0.000922926,0.00135961,0.00200198,0.00294692,0.00433694,0.0063817,inf	1470.81,1470.81,2909.75,4856.19,3623.4,2460.04,2135.65,1943.86,1794.13,1711.52,1710.05,1712.54,1603.92,1369.12,1072.73,811.97,635.969,590.733,484.095,484.095
0.000381691	-21772433.52	0,1.96564e-06,4.85713e-06,9.11058e-06,1.53675e-05,2.45715e-05,3.81109e-05,5.80275e-05,8.73253e-05,0.000130423,0.000193821,0.00028708,0.000424266,0.000626069,0.000922926,0.00135961,0.00200198,0.00294692,0.00433694,0.0063817,inf	1495.32,1495.32,3042.89,4938.6,3625.77,2462.57,2146.85,1951.92,1799,1715.01,1713.78,1715.82,1605.7,1368.78,1069.35,805.852,629.259,585.716,472.18,472.18
0.000392624	-21769414.76	0,1.96564e-06,4.85713e-06,9.11058e-06,1.53675e-05,2.45715e-05,3.81109e-05,5.80275e-05,8.73253e-05,0.000130423,0.000193821,0.00028708,0.000424266,0.000626069,0.000922926,0.00135961,0.00200198,0.00294692,0.00433694,0.0063817,inf	1520.7,1520.7,3181.32,5015.35,3625.81,2465.36,2158.15,1960.05,1803.97,1718.63,1717.5,1718.85,1607.16,1368.25,1066.1,800.149,623.11,581.238,460.838,460.838
0.000403562	-21766490.39	0,1.96564e-06,4.85713e-06,9.11058e-06,1.53675e-05,2.45715e-05,3.81109e-05,5.80275e-05,8.73253e-05,0.000130423,0.000193821,0.00028708,0.000424266,0.000626069,0.000922926,0.00135961,0.00200198,0.00294692,0.00433694,0.0063817,inf	1546.79,1546.79,3324.57,5086.5,3623.8,2468.44,2169.49,1968.22,1809.03,1722.36,1721.2,1721.67,1608.33,1367.55,1062.94,794.817,617.462,577.243,450.017,450.017
0.000414506	-21763654.57	0,1.96564e-06,4.85713e-06,9.11058e-06,1.53675e-05,2.45715e-05,3.81109e-05,5.80275e-05,8.73253e-05,0.000130423,0.000193821,0.00028708,0.000424266,0.000626069,0.000922926,0.00135961,0.00200198,0.00294692,0.00433694,0.0063817,inf	1573.72,1573.72,3472.34,5152.14,3620.08,2471.83,2180.85,1976.41,1814.16,1726.19,1724.89,1724.32,1609.23,1366.68,1059.87,789.817,612.264,573.684,439.673,439.673
0.000425455	-21760902.00	0,1.96564e-06,4.85713e-06,9.11058e-06,1.53675e-05,2.45715e-05,3.81109e-05,5.80275e-05,8.73253e-05,0.000130423,0.000193821,0.00028708,0.000424266,0.000626069,0.000922926,0.00135961,0.00200198,0.00294692,0.00433694,0.0063817,inf	1601.52,1601.52,3624.07,5212.36,3614.88,2475.53,2192.19,1984.59,1819.34,1730.12,1728.58,1726.8,1609.91,1365.67,1056.87,785.115,607.472,570.519,429.769,429.769
0.00043641	-21758227.88	0,1.96564e-06,4.85713e-06,9.11058e-06,1.53675e-05,2.45715e-05,3.81109e-05,5.80275e-05,8.73253e-05,0.000130423,0.000193821,0.00028708,0.000424266,0.000626069,0.000922926,0.00135961,0.00200198,0.00294692,0.00433694,0.0063817,inf	1630.08,1630.08,3779.38,5267.3,3608.44,2479.55,2203.5,1992.75,1824.56,1734.13,1732.26,1729.13,1610.37,1364.53,1053.93,780.682,603.048,567.711,420.272,420.272
0.00044737	-21755627.87	0,1.96564e-06,4.85713e-06,9.11058e-06,1.53675e-05,2.45715e-05,3.81109e-05,5.80275e-05,8.73253e-05,0.000130423,0.000193821,0.00028708,0.000424266,0.000626069,0.000922926,0.00135961,0.00200198,0.00294692,0.00433694,0.0063817,inf	1659.48,1659.48,3937.92,5317.13,3600.98,2483.88,2214.76,2000.86,1829.81,1738.22,1735.95,1731.35,1610.65,1363.25,1051.05,776.494,598.958,565.231,411.153,411.153
0.000458335	-21753097.97	0,1.96564e-06,4.85713e-06,9.11058e-06,1.53675e-05,2.45715e-05,3.81109e-05,5.80275e-05,8.73253e-05,0.000130423,0.000193821,0.00028708,0.000424266,0.000626069,0.000922926,0.00135961,0.00200198,0.00294692,0.00433694,0.0063817,inf	1689.77,1689.77,4099.29,5361.98,3592.68,2488.53,2225.94,2008.92,1835.07,1742.38,1739.64,1733.45,1610.76,1361.87,1048.22,772.528,595.174,563.049,402.386,402.386
0.000469306	-21750634.55	0,1.96564e-06,4.85713e-06,9.11058e-06,1.53675e-05,2.45715e-05,3.81109e-05,5.80275e-05,8.73253e-05,0.000130423,0.000193821,0.00028708,0.000424266,0.000626069,0.000922926,0.00135961,0.00200198,0.00294692,0.00433694,0.0063817,inf	1720.83,1720.83,4263.08,5402.05,3583.74,2493.49,2237.05,2016.92,1840.34,1746.61,1743.32,1735.45,1610.72,1360.38,1045.43,768.765,591.668,561.142,393.949,393.949
0.000480282	-21748234.25	0,1.96564e-06,4.85713e-06,9.11058e-06,1.53675e-05,2.45715e-05,3.81109e-05,5.80275e-05,8.73253e-05,0.000130423,0.000193821,0.00028708,0.000424266,0.000626069,0.000922926,0.00135961,0.00200198,0.00294692,0.00433694,0.0063817,inf	1752.77,1752.77,4428.95,5437.51,3574.29,2498.76,2248.07,2024.84,1845.62,1750.89,1747.01,1737.35,1610.55,1358.8,1042.67,765.19,588.418,559.489,385.821,385.821
0.000491264	-21745894.00	0,1.96564e-06,4.85713e-06,9.11058e-06,1.53675e-05,2.45715e-05,3.81109e-05,5.80275e-05,8.73253e-05,0.000130423,0.000193821,0.00028708,0.000424266,0.000626069,0.000922926,0.00135961,0.00200198,0.00294692,0.00433694,0.0063817,inf	1785.67,1785.67,4596.54,5468.55,3564.47,2504.32,2258.98,2032.68,1850.89,1755.23,1750.7,1739.18,1610.25,1357.12,1039.96,761.786,585.404,558.07,377.985,377.985
0.000502252	-21743610.95	0,1.96564e-06,4.85713e-06,9.11058e-06,1.53675e-05,2.45715e-05,3.81109e-05,5.80275e-05,8.73253e-05,0.000130423,0.000193821,0.00028708,0.000424266,0.000626069,0.000922926,0.00135961,0.00200198,0.00294692,0.00433694,0.0063817,inf	1819.49,1819.49,4765.52,5495.38,3554.39,2510.17,2269.8,2040.43,1856.16,1759.61,1754.39,1740.93,1609.83,1355.37,1037.27,758.541,582.608,556.869,370.425,370.425
0.000513246	-21741382.49	0,1.96564e-06,4.85713e-06,9.11058e-06,1.53675e-05,2.45715e-05,3.81109e-05,5.80275e-05,8.73253e-05,0.000130423,0.000193821,0.00028708,0.000424266,0.000626069,0.000922926,0.00135961,0.00200198,0.00294692,0.00433694,0.0063817,inf	1854.47,1854.47,4935.54,5518.22,3544.16,2516.29,2280.5,2048.08,1861.42,1764.03,1758.08,1742.62,1609.32,1353.55,1034.61,755.442,580.012,555.871,363.126,363.126
0.000524246	-21739206.18	0,1.96564e-06,4.85713e-06,9.11058e-06,1.53675e-05,2.45715e-05,3.81109e-05,5.80275e-05,8.73253e-05,0.000130423,0.000193821,0.00028708,0.000424266,0.000626069,0.000922926,0.00135961,0.00200198,0.00294692,0.00433694,0.0063817,inf	1890.42,1890.42,5106.24,5537.22,3533.9,2522.68,2291.09,2055.65,1866.67,1768.49,1761.77,1744.24,1608.72,1351.66,1031.98,752.479,577.603,555.061,356.074,356.074
0.000535253	-21737079.78	0,1.96564e-06,4.85713e-06,9.11058e-06,1.53675e-05,2.45715e-05,3.81109e-05,5.80275e-05,8.73253e-05,0.000130423,0.000193821,0.00028708,0.000424266,0.000626069,0.000922926,0.00135961,0.00200198,0.00294692,0.00433694,0.0063817,inf	1927.5,1927.5,5277.31,5552.59,3523.67,2529.32,2301.55,2063.11,1871.9,1772.99,1765.45,1745.8,1608.03,1349.7,1029.37,749.643,575.367,554.429,349.258,349.258
0.000546266	-21735001.17	0,1.96564e-06,4.85713e-06,9.11058e-06,1.53675e-05,2.45715e-05,3.81109e-05,5.80275e-05,8.73253e-05,0.000130423,0.000193821,0.00028708,0.000424266,0.000626069,0.000922926,0.00135961,0.00200198,0.00294692,0.00433694,0.0063817,inf	1965.78,1965.78,5448.42,5564.58,3513.54,2536.22,2311.9,2070.48,1877.1,1777.51,1769.13,1747.31,1607.26,1347.69,1026.79,746.925,573.291,553.962,342.665,342.665
0.000557285	-21732968.40	0,1.96564e-06,4.85713e-06,9.11058e-06,1.53675e-05,2.45715e-05,3.81109e-05,5.80275e-05,8.73253e-05,0.000130423,0.000193821,0.00028708,0.000424266,0.000626069,0.000922926,0.00135961,0.00200198,0.00294692,0.00433694,0.0063817,inf	2005.33,2005.33,5619.3,5573.38,3503.59,2543.33,2322.13,2077.75,1882.29,1782.06,1772.81,1748.77,1606.42,1345.63,1024.22,744.317,571.366,553.651,336.287,336.287
0.000568312	-21730979.64	0,1.96564e-06,4.85713e-06,9.11058e-06,1.53675e-05,2.45715e-05,3.81109e-05,5.80275e-05,8.73253e-05,0.000130423,0.000193821,0.00028708,0.000424266,0.000626069,0.000922926,0.00135961,0.00200198,0.00294692,0.00433694,0.0063817,inf	2046.15,2046.15,5789.54,5579.18,3493.86,2550.67,2332.24,2084.91,1887.46,1786.64,1776.47,1750.18,1605.52,1343.53,1021.68,741.811,569.58,553.487,330.113,330.113
0.000579345	-21729033.19	0,1.96564e-06,4.85713e-06,9.11058e-06,1.53675e-05,2.45715e-05,3.81109e-05,5.80275e-05,8.73253e-05,0.000130423,0.000193821,0.00028708,0.000424266,0.000626069,0.000922926,0.00135961,0.00200198,0.00294692,0.00433694,0.0063817,inf	2088.45,2088.45,5958.94,5582.15,3484.41,2558.21,2342.23,2091.97,1892.6,1791.23,1780.14,1751.55,1604.56,1341.38,1019.16,739.402,567.926,553.461,324.135,324.135
0.000590385	-21727127.42	0,1.96564e-06,4.85713e-06,9.11058e-06,1.53675e-05,2.45715e-05,3.81109e-05,5.80275e-05,8.73253e-05,0.000130423,0.000193821,0.00028708,0.000424266,0.000626069,0.000922926,0.00135961,0.00200198,0.00294692,0.00433694,0.0063817,inf	2132.21,2132.21,6127.2,5582.53,3475.27,2565.95,2352.1,2098.93,1897.72,1795.84,1783.79,1752.88,1603.54,1339.19,1016.66,737.082,566.393,553.565,318.344,318.344
0.000601432	-21725260.83	0,1.96564e-06,4.85713e-06,9.11058e-06,1.53675e-05,2.45715e-05,3.81109e-05,5.80275e-05,8.73253e-05,0.000130423,0.000193821,0.00028708,0.000424266,0.000626069,0.000922926,0.00135961,0.00200198,0.00294692,0.00433694,0.0063817,inf	2177.48,2177.48,6294,5580.45,3466.48,2573.87,2361.85,2105.78,1902.82,1800.47,1787.43,1754.17,1602.48,1336.96,1014.17,734.848,564.976,553.794,312.732,312.732
0.000612485	-21723432.04	0,1.96564e-06,4.85713e-06,9.11058e-06,1.53675e-05,2.45715e-05,3.81109e-05,5.80275e-05,8.73253e-05,0.000130423,0.000193821,0.00028708,0.000424266,0.000626069,0.000922926,0.00135961,0.00200198,0.00294692,0.00433694,0.0063817,inf	2224.43,2224.43,6459.11,5576.18,3458.07,2581.96,2371.47,2112.54,1907.89,1805.11,1791.06,1755.42,1601.36,1334.7,1011.7,732.693,563.665,554.14,307.292,307.292
0.000623546	-21721639.68	0,1.96564e-06,4.85713e-06,9.11058e-06,1.53675e-05,2.45715e-05,3.81109e-05,5.80275e-05,8.73253e-05,0.000130423,0.000193821,0.00028708,0.000424266,0.000626069,0.000922926,0.00135961,0.00200198,0.00294692,0.00433694,0.0063817,inf	2272.97,2272.97,6622.27,5569.86,3450.07,2590.22,2380.98,2119.2,1912.94,1809.76,1794.69,1756.63,1600.21,1332.41,1009.25,730.613,562.456,554.597,302.017,302.017
0.000634613	-21719882.50	0,1.96564e-06,4.85713e-06,9.11058e-06,1.53675e-05,2.45715e-05,3.81109e-05,5.80275e-05,8.73253e-05,0.000130423,0.000193821,0.00028708,0.000424266,0.000626069,0.000922926,0.00135961,0.00200198,0.00294692,0.00433694,0.0063817,inf	2323.31,2323.31,6783.24,5561.66,3442.49,2598.62,2390.37,2125.75,1917.97,1814.42,1798.3,1757.81,1599.01,1330.09,1006.81,728.603,561.342,555.161,296.901,296.901
0.000645686	-21718159.33	0,1.96564e-06,4.85713e-06,9.11058e-06,1.53675e-05,2.45715e-05,3.81109e-05,5.80275e-05,8.73253e-05,0.000130423,0.000193821,0.00028708,0.000424266,0.000626069,0.000922926,0.00135961,0.00200198,0.00294692,0.00433694,0.0063817,inf	2375.49,2375.49,6941.82,5551.74,3435.35,2607.17,2399.64,2132.22,1922.97,1819.09,1801.9,1758.96,1597.78,1327.75,1004.39,726.659,560.316,555.825,291.937,291.937
0.000656766	-21716469.02	0,1.96564e-06,4.85713e-06,9.11058e-06,1.53675e-05,2.45715e-05,3.81109e-05,5.80275e-05,8.73253e-05,0.000130423,0.000193821,0.00028708,0.000424266,0.000626069,0.000922926,0.00135961,0.00200198,0.00294692,0.00433694,0.0063817,inf	2429.46,2429.46,7097.72,5540.29,3428.66,2615.84,2408.8,2138.59,1927.95,1823.77,1805.48,1760.08,1596.51,1325.38,1001.98,724.779,559.374,556.586,287.12,287.12
0.000667852	-21714810.52	0,1.96564e-06,4.85713e-06,9.11058e-06,1.53675e-05,2.45715e-05,3.81109e-05,5.80275e-05,8.73253e-05,0.000130423,0.000193821,0.00028708,0.000424266,0.000626069,0.000922926,0.00135961,0.00200198,0.00294692,0.00433694,0.0063817,inf	2485.39,2485.39,7250.82,5527.48,3422.45,2624.63,2417.84,2144.86,1932.9,1828.45,1809.06,1761.17,1595.21,1322.99,999.588,722.957,558.512,557.438,282.443,282.443
0.000678944	-21713182.83	0,1.96564e-06,4.85713e-06,9.11058e-06,1.53675e-05,2.45715e-05,3.81109e-05,5.80275e-05,8.73253e-05,0.000130423,0.000193821,0.00028708,0.000424266,0.000626069,0.000922926,0.00135961,0.00200198,0.00294692,0.00433694,0.0063817,inf	2543.18,2543.18,7400.89,5513.42,3416.71,2633.52,2426.76,2151.04,1937.83,1833.13,1812.61,1762.23,1593.88,1320.58,997.207,721.19,557.723,558.378,277.902,277.902
0.000690043	-21711584.97	0,1.96564e-06,4.85713e-06,9.11058e-06,1.53675e-05,2.45715e-05,3.81109e-05,5.80275e-05,8.73253e-05,0.000130423,0.000193821,0.00028708,0.000424266,0.000626069,0.000922926,0.00135961,0.00200198,0.00294692,0.00433694,0.0063817,inf	2602.94,2602.94,7547.78,5498.28,3411.46,2642.52,2435.57,2157.14,1942.75,1837.82,1816.16,1763.27,1592.52,1318.15,994.839,719.477,557.004,559.402,273.491,273.491
0.000701146	-21710016.05	0,1.96564e-06,4.85713e-06,9.11058e-06,1.53675e-05,2.45715e-05,3.81109e-05,5.80275e-05,8.73253e-05,0.000130423,0.000193821,0.00028708,0.000424266,0.000626069,0.000922926,0.00135961,0.00200198,0.00294692,0.00433694,0.0063817,inf	2664.66,2664.66,7691.36,5482.19,3406.69,2651.61,2444.27,2163.14,1947.64,1842.51,1819.69,1764.27,1591.13,1315.7,992.484,717.813,556.351,560.506,269.206,269.206
0.000712256	-21708475.18	0,1.96564e-06,4.85713e-06,9.11058e-06,1.53675e-05,2.45715e-05,3.81109e-05,5.80275e-05,8.73253e-05,0.000130423,0.000193821,0.00028708,0.000424266,0.000626069,0.000922926,0.00135961,0.00200198,0.00294692,0.00433694,0.0063817,inf	2728.38,2728.38,7831.49,5465.28,3402.4,2660.77,2452.86,2169.06,1952.51,1847.2,1823.2,1765.25,1589.72,1313.24,990.14,716.197,555.76,561.687,265.04,265.04
0.00072337	-21706961.57	0,1.96564e-06,4.85713e-06,9.11058e-06,1.53675e-05,2.45715e-05,3.81109e-05,5.80275e-05,8.73253e-05,0.000130423,0.000193821,0.00028708,0.000424266,0.000626069,0.000922926,0.00135961,0.00200198,0.00294692,0.00433694,0.0063817,inf	2794.08,2794.08,7968.05,5447.68,3398.6,2670.01,2461.34,2174.89,1957.36,1851.9,1826.7,1766.2,1588.28,1310.76,987.808,714.624,555.228,562.942,260.991,260.991
0.000734489	-21705474.40	0,1.96564e-06,4.85713e-06,9.11058e-06,1.53675e-05,2.45715e-05,3.81109e-05,5.80275e-05,8.73253e-05,0.000130423,0.000193821,0.00028708,0.000424266,0.000626069,0.000922926,0.00135961,0.00200198,0.00294692,0.00433694,0.0063817,inf	2861.67,2861.67,8100.99,5429.48,3395.28,2679.32,2469.71,2180.65,1962.19,1856.59,1830.18,1767.13,1586.82,1308.27,985.488,713.094,554.751,564.267,257.053,257.053
0.000745613	-21704012.92	0,1.96564e-06,4.85713e-06,9.11058e-06,1.53675e-05,2.45715e-05,3.81109e-05,5.80275e-05,8.73253e-05,0.000130423,0.000193821,0.00028708,0.000424266,0.000626069,0.000922926,0.00135961,0.00200198,0.00294692,0.00433694,0.0063817,inf	2931.23,2931.23,8230.12,5410.8,3392.43,2688.68,2477.98,2186.32,1967,1861.28,1833.65,1768.04,1585.34,1305.77,983.179,711.604,554.327,565.661,253.223,253.223
0.000756742	-21702576.43	0,1.96564e-06,4.85713e-06,9.11058e-06,1.53675e-05,2.45715e-05,3.81109e-05,5.80275e-05,8.73253e-05,0.000130423,0.000193821,0.00028708,0.000424266,0.000626069,0.000922926,0.00135961,0.00200198,0.00294692,0.00433694,0.0063817,inf	3002.69,3002.69,8355.51,5391.75,3390.07,2698.1,2486.14,2191.91,1971.8,1865.97,1837.1,1768.92,1583.84,1303.26,980.881,710.152,553.951,567.119,249.496,249.496
0.000767874	-21701164.25	0,1.96564e-06,4.85713e-06,9.11058e-06,1.53675e-05,2.45715e-05,3.81109e-05,5.80275e-05,8.73253e-05,0.000130423,0.000193821,0.00028708,0.000424266,0.000626069,0.000922926,0.00135961,0.00200198,0.00294692,0.00433694,0.0063817,inf	3075.95,3075.95,8477.04,5372.41,3388.16,2707.55,2494.2,2197.43,1976.57,1870.66,1840.53,1769.78,1582.32,1300.74,978.594,708.735,553.622,568.64,245.868,245.868
0.00077901	-21699775.71	0,1.96564e-06,4.85713e-06,9.11058e-06,1.53675e-05,2.45715e-05,3.81109e-05,5.80275e-05,8.73253e-05,0.000130423,0.000193821,0.00028708,0.000424266,0.000626069,0.000922926,0.00135961,0.00200198,0.00294692,0.00433694,0.0063817,inf	3151,3151,8594.76,5352.85,3386.73,2717.04,2502.15,2202.87,1981.34,1875.34,1843.95,1770.62,1580.79,1298.21,976.316,707.353,553.337,570.222,242.336,242.336
0.00079015	-21698410.18	0,1.96564e-06,4.85713e-06,9.11058e-06,1.53675e-05,2.45715e-05,3.81109e-05,5.80275e-05,8.73253e-05,0.000130423,0.000193821,0.00028708,0.000424266,0.000626069,0.000922926,0.00135961,0.00200198,0.00294692,0.00433694,0.0063817,inf	3227.89,3227.89,8708.61,5333.2,3385.75,2726.55,2510,2208.24,1986.08,1880.02,1847.35,1771.44,1579.23,1295.67,974.049,706.003,553.093,571.862,238.896,238.896
0.000801293	-21697067.07	0,1.96564e-06,4.85713e-06,9.11058e-06,1.53675e-05,2.45715e-05,3.81109e-05,5.80275e-05,8.73253e-05,0.000130423,0.000193821,0.00028708,0.000424266,0.000626069,0.000922926,0.00135961,0.00200198,0.00294692,0.00433694,0.0063817,inf	3306.29,3306.29,8818.64,5313.46,3385.22,2736.09,2517.74,2213.54,1990.81,1884.7,1850.74,1772.23,1577.67,1293.12,971.792,704.684,552.888,573.557,235.545,235.545
0.000812439	-21695745.80	0,1.96564e-06,4.85713e-06,9.11058e-06,1.53675e-05,2.45715e-05,3.81109e-05,5.80275e-05,8.73253e-05,0.000130423,0.000193821,0.00028708,0.000424266,0.000626069,0.000922926,0.00135961,0.00200198,0.00294692,0.00433694,0.0063817,inf	3386.25,3386.25,8924.81,5293.74,3385.13,2745.64,2525.39,2218.77,1995.52,1889.38,1854.1,1773.01,1576.08,1290.56,969.544,703.394,552.721,575.307,232.279,232.279
0.000823587	-21694445.83	0,1.96564e-06,4.85713e-06,9.11058e-06,1.53675e-05,2.45715e-05,3.81109e-05,5.80275e-05,8.73253e-05,0.000130423,0.000193821,0.00028708,0.000424266,0.000626069,0.000922926,0.00135961,0.00200198,0.00294692,0.00433694,0.0063817,inf	3467.69,3467.69,9027.3,5274.13,3385.46,2755.21,2532.93,2223.94,2000.22,1894.04,1857.45,1773.76,1574.49,1288,967.307,702.131,552.588,577.108,229.095,229.095
0.000834737	-21693166.62	0,1.96564e-06,4.85713e-06,9.11058e-06,1.53675e-05,2.45715e-05,3.81109e-05,5.80275e-05,8.73253e-05,0.000130423,0.000193821,0.00028708,0.000424266,0.000626069,0.000922926,0.00135961,0.00200198,0.00294692,0.00433694,0.0063817,inf	3550.57,3550.57,9126.07,5254.62,3386.22,2764.79,2540.36,2229.03,2004.91,1898.71,1860.79,1774.5,1572.88,1285.44,965.079,700.895,552.488,578.96,225.991,225.991
0.000845889	-21691907.69	0,1.96564e-06,4.85713e-06,9.11058e-06,1.53675e-05,2.45715e-05,3.81109e-05,5.80275e-05,8.73253e-05,0.000130423,0.000193821,0.00028708,0.000424266,0.000626069,0.000922926,0.00135961,0.00200198,0.00294692,0.00433694,0.0063817,inf	3634.62,3634.62,9221.26,5235.28,3387.38,2774.36,2547.7,2234.07,2009.58,1903.37,1864.1,1775.21,1571.25,1282.87,962.86,699.685,552.419,580.86,222.962,222.962
0.000857043	-21690668.52	0,1.96564e-06,4.85713e-06,9.11058e-06,1.53675e-05,2.45715e-05,3.81109e-05,5.80275e-05,8.73253e-05,0.000130423,0.000193821,0.00028708,0.000424266,0.000626069,0.000922926,0.00135961,0.00200198,0.00294692,0.00433694,0.0063817,inf	3719.84,3719.84,9312.86,5216.15,3388.94,2783.94,2554.94,2239.04,2014.24,1908.03,1867.41,1775.91,1569.62,1280.3,960.651,698.498,552.379,582.807,220.007,220.007
0.000868198	-21689448.66	0,1.96564e-06,4.85713e-06,9.11058e-06,1.53675e-05,2.45715e-05,3.81109e-05,5.80275e-05,8.73253e-05,0.000130423,0.000193821,0.00028708,0.000424266,0.000626069,0.000922926,0.00135961,0.00200198,0.00294692,0.00433694,0.0063817,inf	3806.2,3806.2,9401.03,5197.27,3390.88,2793.5,2562.08,2243.95,2018.89,1912.67,1870.69,1776.59,1567.97,1277.72,958.45,697.334,552.367,584.798,217.123,217.123
0.000879354	-21688247.65	0,1.96564e-06,4.85713e-06,9.11058e-06,1.53675e-05,2.45715e-05,3.81109e-05,5.80275e-05,8.73253e-05,0.000130423,0.000193821,0.00028708,0.000424266,0.000626069,0.000922926,0.00135961,0.00200198,0.00294692,0.00433694,0.0063817,inf	3893.58,3893.58,9485.83,5178.67,3393.2,2803.04,2569.12,2248.8,2023.53,1917.32,1873.96,1777.25,1566.31,1275.14,956.259,696.192,552.382,586.834,214.306,214.306
0.00089051	-21687065.07	0,1.96564e-06,4.85713e-06,9.11058e-06,1.53675e-05,2.45715e-05,3.81109e-05,5.80275e-05,8.73253e-05,0.000130423,0.000193821,0.00028708,0.000424266,0.000626069,0.000922926,0.00135961,0.00200198,0.00294692,0.00433694,0.0063817,inf	3981.79,3981.79,9567.27,5160.38,3395.87,2812.55,2576.07,2253.6,2028.15,1921.96,1877.21,1777.89,1564.65,1272.56,954.078,695.07,552.421,588.912,211.555,211.555
0.000901667	-21685900.52	0,1.96564e-06,4.85713e-06,9.11058e-06,1.53675e-05,2.45715e-05,3.81109e-05,5.80275e-05,8.73253e-05,0.000130423,0.000193821,0.00028708,0.000424266,0.000626069,0.000922926,0.00135961,0.00200198,0.00294692,0.00433694,0.0063817,inf	4070.85,4070.85,9645.59,5142.44,3398.9,2822.05,2582.92,2258.34,2032.77,1926.59,1880.44,1778.51,1562.97,1269.98,951.905,693.969,552.483,591.032,208.868,208.868
0.000912823	-21684753.57	0,1.96564e-06,4.85713e-06,9.11058e-06,1.53675e-05,2.45715e-05,3.81109e-05,5.80275e-05,8.73253e-05,0.000130423,0.000193821,0.00028708,0.000424266,0.000626069,0.000922926,0.00135961,0.00200198,0.00294692,0.00433694,0.0063817,inf	4160.52,4160.52,9720.83,5124.85,3402.27,2831.52,2589.67,2263.03,2037.37,1931.21,1883.66,1779.12,1561.28,1267.39,949.741,692.887,552.568,593.19,206.241,206.241
0.000923979	-21683623.84	0,1.96564e-06,4.85713e-06,9.11058e-06,1.53675e-05,2.45715e-05,3.81109e-05,5.80275e-05,8.73253e-05,0.000130423,0.000193821,0.00028708,0.000424266,0.000626069,0.000922926,0.00135961,0.00200198,0.00294692,0.00433694,0.0063817,inf	4250.83,4250.83,9793.13,5107.63,3405.96,2840.95,2596.33,2267.66,2041.97,1935.83,1886.86,1779.71,1559.59,1264.81,947.586,691.823,552.673,595.388,203.673,203.673
0.000935134	-21682510.98	0,1.96564e-06,4.85713e-06,9.11058e-06,1.53675e-05,2.45715e-05,3.81109e-05,5.80275e-05,8.73253e-05,0.000130423,0.000193821,0.00028708,0.000424266,0.000626069,0.000922926,0.00135961,0.00200198,0.00294692,0.00433694,0.0063817,inf	4341.71,4341.71,9862.55,5090.81,3409.98,2850.35,2602.89,2272.24,2046.55,1940.45,1890.04,1780.29,1557.89,1262.22,945.44,690.776,552.798,597.623,201.162,201.162
0.000946289	-21681414.61	0,1.96564e-06,4.85713e-06,9.11058e-06,1.53675e-05,2.45715e-05,3.81109e-05,5.80275e-05,8.73253e-05,0.000130423,0.000193821,0.00028708,0.000424266,0.000626069,0.000922926,0.00135961,0.00200198,0.00294692,0.00433694,0.0063817,inf	4433.07,4433.07,9929.16,5074.38,3414.29,2859.7,2609.36,2276.77,2051.13,1945.05,1893.21,1780.85,1556.18,1259.64,943.303,689.746,552.942,599.894,198.705,198.705
0.000957442	-21680334.38	0,1.96564e-06,4.85713e-06,9.11058e-06,1.53675e-05,2.45715e-05,3.81109e-05,5.80275e-05,8.73253e-05,0.000130423,0.000193821,0.00028708,0.000424266,0.000626069,0.000922926,0.00135961,0.00200198,0.00294692,0.00433694,0.0063817,inf	4524.87,4524.87,9993.16,5058.36,3418.88,2869.01,2615.73,2281.25,2055.7,1949.65,1896.36,1781.39,1554.46,1257.05,941.175,688.732,553.104,602.201,196.301,196.301
0.000968594	-21679269.98	0,1.96564e-06,4.85713e-06,9.11058e-06,1.53675e-05,2.45715e-05,3.81109e-05,5.80275e-05,8.73253e-05,0.000130423,0.000193821,0.00028708,0.000424266,0.000626069,0.000922926,0.00135961,0.00200198,0.00294692,0.00433694,0.0063817,inf	4617,4617,10054.6,5042.76,3423.76,2878.27,2622.01,2285.69,2060.26,1954.25,1899.49,1781.92,1552.73,1254.47,939.056,687.734,553.282,604.542,193.948,193.948
0.000979743	-21678221.07	0,1.96564e-06,4.85713e-06,9.11058e-06,1.53675e-05,2.45715e-05,3.81109e-05,5.80275e-05,8.73253e-05,0.000130423,0.000193821,0.00028708,0.000424266,0.000626069,0.000922926,0.00135961,0.00200198,0.00294692,0.00433694,0.0063817,inf	4709.44,4709.44,10113.6,5027.58,3428.9,2887.48,2628.2,2290.08,2064.81,1958.83,1902.61,1782.43,1551,1251.88,936.945,686.751,553.476,606.916,191.644,191.644
0.000990891	-21677187.34	0,1.96564e-06,4.85713e-06,9.11058e-06,1.53675e-05,2.45715e-05,3.81109e-05,5.80275e-05,8.73253e-05,0.000130423,0.000193821,0.00028708,0.000424266,0.000626069,0.000922926,0.00135961,0.00200198,0.00294692,0.00433694,0.0063817,inf	4802.08,4802.08,10170.1,5012.81,3434.29,2896.64,2634.31,2294.43,2069.35,1963.41,1905.71,1782.93,1549.26,1249.3,934.844,685.781,553.684,609.323,189.387,189.387
0.00100204	-21676168.50	0,1.96564e-06,4.85713e-06,9.11058e-06,1.53675e-05,2.45715e-05,3.81109e-05,5.80275e-05,8.73253e-05,0.000130423,0.000193821,0.00028708,0.000424266,0.000626069,0.000922926,0.00135961,0.00200198,0.00294692,0.00433694,0.0063817,inf	4894.89,4894.89,10224.4,4998.46,3439.93,2905.75,2640.32,2298.73,2073.89,1967.98,1908.8,1783.41,1547.52,1246.72,932.751,684.826,553.907,611.761,187.176,187.176
0.00101318	-21675164.26	0,1.96564e-06,4.85713e-06,9.11058e-06,1.53675e-05,2.45715e-05,3.81109e-05,5.80275e-05,8.73253e-05,0.000130423,0.000193821,0.00028708,0.000424266,0.000626069,0.000922926,0.00135961,0.00200198,0.00294692,0.00433694,0.0063817,inf	4987.91,4987.91,10276.5,4984.55,3445.8,2914.8,2646.25,2303,2078.42,1972.55,1911.86,1783.88,1545.77,1244.15,930.667,683.883,554.143,614.231,185.01,185.01
0.00102432	-21674174.31	0,1.96564e-06,4.85713e-06,9.11058e-06,1.53675e-05,2.45715e-05,3.81109e-05,5.80275e-05,8.73253e-05,0.000130423,0.000193821,0.00028708,0.000424266,0.000626069,0.000922926,0.00135961,0.00200198,0.00294692,0.00433694,0.0063817,inf	5080.95,5080.95,10326.4,4971.04,3451.9,2923.79,2652.08,2307.22,2082.95,1977.11,1914.92,1784.33,1544.02,1241.57,928.592,682.954,554.391,616.73,182.886,182.886
0.00103546	-21673198.41	0,1.96564e-06,4.85713e-06,9.11058e-06,1.53675e-05,2.45715e-05,3.81109e-05,5.80275e-05,8.73253e-05,0.000130423,0.000193821,0.00028708,0.000424266,0.000626069,0.000922926,0.00135961,0.00200198,0.00294692,0.00433694,0.0063817,inf	5174.06,5174.06,10374.3,4957.96,3458.19,2932.71,2657.83,2311.41,2087.47,1981.66,1917.96,1784.77,1542.26,1239,926.526,682.037,554.651,619.259,180.804,180.804
0.00104659	-21672236.27	0,1.96564e-06,4.85713e-06,9.11058e-06,1.53675e-05,2.45715e-05,3.81109e-05,5.80275e-05,8.73253e-05,0.000130423,0.000193821,0.00028708,0.000424266,0.000626069,0.000922926,0.00135961,0.00200198,0.00294692,0.00433694,0.0063817,inf	5267.15,5267.15,10420.2,4945.31,3464.69,2941.58,2663.49,2315.55,2091.98,1986.2,1920.98,1785.19,1540.49,1236.43,924.468,681.132,554.922,621.817,178.762,178.762
0.00105772	-21671287.64	0,1.96564e-06,4.85713e-06,9.11058e-06,1.53675e-05,2.45715e-05,3.81109e-05,5.80275e-05,8.73253e-05,0.000130423,0.000193821,0.00028708,0.000424266,0.000626069,0.000922926,0.00135961,0.00200198,0.00294692,0.00433694,0.0063817,inf	5360.28,5360.28,10464.3,4933.06,3471.4,2950.37,2669.07,2319.67,2096.49,1990.74,1923.98,1785.61,1538.72,1233.86,922.42,680.238,555.204,624.403,176.759,176.759
0.00106884	-21670352.27	0,1.96564e-06,4.85713e-06,9.11058e-06,1.53675e-05,2.45715e-05,3.81109e-05,5.80275e-05,8.73253e-05,0.000130423,0.000193821,0.00028708,0.000424266,0.000626069,0.000922926,0.00135961,0.00200198,0.00294692,0.00433694,0.0063817,inf	5453.28,5453.28,10506.4,4921.19,3478.27,2959.11,2674.57,2323.74,2100.99,1995.27,1926.97,1786,1536.95,1231.3,920.38,679.355,555.496,627.017,174.793,174.793
0.00107996	-21669429.93	0,1.96564e-06,4.85713e-06,9.11058e-06,1.53675e-05,2.45715e-05,3.81109e-05,5.80275e-05,8.73253e-05,0.000130423,0.000193821,0.00028708,0.000424266,0.000626069,0.000922926,0.00135961,0.00200198,0.00294692,0.00433694,0.0063817,inf	5546.22,5546.22,10546.9,4909.76,3485.32,2967.77,2679.99,2327.79,2105.49,1999.79,1929.95,1786.39,1535.17,1228.74,918.349,678.482,555.797,629.657,172.863,172.863
0.00109108	-21668520.38	0,1.96564e-06,4.85713e-06,9.11058e-06,1.53675e-05,2.45715e-05,3.81109e-05,5.80275e-05,8.73253e-05,0.000130423,0.000193821,0.00028708,0.000424266,0.000626069,0.000922926,0.00135961,0.00200198,0.00294692,0.00433694,0.0063817,inf	5639.11,5639.11,10585.6,4898.74,3492.53,2976.37,2685.33,2331.8,2109.99,2004.3,1932.91,1786.76,1533.38,1226.19,916.327,677.621,556.106,632.324,170.969,170.969
0.00110219	-21667623.39	0,1.96564e-06,4.85713e-06,9.11058e-06,1.53675e-05,2.45715e-05,3.81109e-05,5.80275e-05,8.73253e-05,0.000130423,0.000193821,0.00028708,0.000424266,0.000626069,0.000922926,0.00135961,0.00200198,0.00294692,0.00433694,0.0063817,inf	5731.83,5731.83,10622.7,4888.11,3499.92,2984.89,2690.58,2335.79,2114.48,2008.81,1935.85,1787.11,1531.6,1223.64,914.313,676.769,556.424,635.017,169.109,169.109
0.0011133	-21666738.74	0,1.96564e-06,4.85713e-06,9.11058e-06,1.53675e-05,2.45715e-05,3.81109e-05,5.80275e-05,8.73253e-05,0.000130423,0.000193821,0.00028708,0.000424266,0.000626069,0.000922926,0.00135961,0.00200198,0.00294692,0.00433694,0.0063817,inf	5824.44,5824.44,10658.2,4877.88,3507.44,2993.35,2695.76,2339.74,2118.97,2013.31,1938.78,1787.45,1529.81,1221.09,912.309,675.926,556.75,637.735,167.282,167.282
0.00112441	-21665866.21	0,1.96564e-06,4.85713e-06,9.11058e-06,1.53675e-05,2.45715e-05,3.81109e-05,5.80275e-05,8.73253e-05,0.000130423,0.000193821,0.00028708,0.000424266,0.000626069,0.000922926,0.00135961,0.00200198,0.00294692,0.00433694,0.0063817,inf	5916.75,5916.75,10692.1,4868.04,3515.11,3001.74,2700.87,2343.67,2123.45,2017.8,1941.69,1787.78,1528.01,1218.55,910.313,675.094,557.083,640.478,165.487,165.487
0.0011355	-21665005.61	0,1.96564e-06,4.85713e-06,9.11058e-06,1.53675e-05,2.45715e-05,3.81109e-05,5.80275e-05,8.73253e-05,0.000130423,0.000193821,0.00028708,0.000424266,0.000626069,0.000922926,0.00135961,0.00200198,0.00294692,0.00433694,0.0063817,inf	6008.85,6008.85,10724.6,4858.56,3522.91,3010.05,2705.89,2347.57,2127.93,2022.29,1944.58,1788.1,1526.22,1216.01,908.326,674.27,557.423,643.245,163.723,163.723
0.0011466	-21664156.72	0,1.96564e-06,4.85713e-06,9.11058e-06,1.53675e-05,2.45715e-05,3.81109e-05,5.80275e-05,8.73253e-05,0.000130423,0.000193821,0.00028708,0.000424266,0.000626069,0.000922926,0.00135961,0.00200198,0.00294692,0.00433694,0.0063817,inf	6100.73,6100.73,10755.6,4849.48,3530.83,3018.3,2710.85,2351.44,2132.41,2026.76,1947.46,1788.4,1524.41,1213.48,906.347,673.455,557.77,646.036,161.99,161.99
0.00115768	-21663319.35	0,1.96564e-06,4.85713e-06,9.11058e-06,1.53675e-05,2.45715e-05,3.81109e-05,5.80275e-05,8.73253e-05,0.000130423,0.000193821,0.00028708,0.000424266,0.000626069,0.000922926,0.00135961,0.00200198,0.00294692,0.00433694,0.0063817,inf	6192.35,6192.35,10785.2,4840.78,3538.87,3026.46,2715.73,2355.29,2136.89,2031.23,1950.33,1788.7,1522.61,1210.95,904.377,672.649,558.122,648.851,160.286,160.286
0.00116876	-21662493.30	0,1.96564e-06,4.85713e-06,9.11058e-06,1.53675e-05,2.45715e-05,3.81109e-05,5.80275e-05,8.73253e-05,0.000130423,0.000193821,0.00028708,0.000424266,0.000626069,0.000922926,0.00135961,0.00200198,0.00294692,0.00433694,0.0063817,inf	6283.78,6283.78,10813.6,4832.45,3547.03,3034.56,2720.55,2359.11,2141.36,2035.69,1953.18,1788.97,1520.8,1208.42,902.415,671.851,558.48,651.69,158.61,158.61
0.00117984	-21661678.38	0,1.96564e-06,4.85713e-06,9.11058e-06,1.53675e-05,2.45715e-05,3.81109e-05,5.80275e-05,8.73253e-05,0.000130423,0.000193821,0.00028708,0.000424266,0.000626069,0.000922926,0.00135961,0.00200198,0.00294692,0.00433694,0.0063817,inf	6374.86,6374.86,10840.7,4824.47,3555.3,3042.58,2725.29,2362.91,2145.83,2040.14,1956.01,1789.24,1518.99,1205.91,900.463,671.061,558.844,654.551,156.962,156.962
0.00119091	-21660874.42	0,1.96564e-06,4.85713e-06,9.11058e-06,1.53675e-05,2.45715e-05,3.81109e-05,5.80275e-05,8.73253e-05,0.000130423,0.000193821,0.00028708,0.000424266,0.000626069,0.000922926,0.00135961,0.00200198,0.00294692,0.00433694,0.0063817,inf	6465.74,6465.74,10866.4,4816.86,3563.67,3050.53,2729.97,2366.69,2150.29,2044.59,1958.83,1789.49,1517.18,1203.39,898.519,670.279,559.212,657.435,155.341,155.341
0.00120197	-21660081.24	0,1.96564e-06,4.85713e-06,9.11058e-06,1.53675e-05,2.45715e-05,3.81109e-05,5.80275e-05,8.73253e-05,0.000130423,0.000193821,0.00028708,0.000424266,0.000626069,0.000922926,0.00135961,0.00200198,0.00294692,0.00433694,0.0063817,inf	6556.3,6556.3,10891,4809.59,3572.13,3058.4,2734.58,2370.44,2154.76,2049.02,1961.64,1789.73,1515.36,1200.88,896.583,669.504,559.585,660.341,153.747,153.747
0.00121303	-21659298.68	0,1.96564e-06,4.85713e-06,9.11058e-06,1.53675e-05,2.45715e-05,3.81109e-05,5.80275e-05,8.73253e-05,0.000130423,0.000193821,0.00028708,0.000424266,0.000626069,0.000922926,0.00135961,0.00200198,0.00294692,0.00433694,0.0063817,inf	6646.61,6646.61,10914.4,4802.66,3580.68,3066.2,2739.12,2374.18,2159.22,2053.45,1964.43,1789.96,1513.54,1198.38,894.656,668.737,559.962,663.269,152.178,152.178
0.00122408	-21658526.55	0,1.96564e-06,4.85713e-06,9.11058e-06,1.53675e-05,2.45715e-05,3.81109e-05,5.80275e-05,8.73253e-05,0.000130423,0.000193821,0.00028708,0.000424266,0.000626069,0.000922926,0.00135961,0.00200198,0.00294692,0.00433694,0.0063817,inf	6736.51,6736.51,10936.7,4796.07,3589.33,3073.93,2743.6,2377.89,2163.68,2057.88,1967.2,1790.18,1511.72,1195.88,892.738,667.977,560.343,666.218,150.634,150.634
0.00123512	-21657764.69	0,1.96564e-06,4.85713e-06,9.11058e-06,1.53675e-05,2.45715e-05,3.81109e-05,5.80275e-05,8.73253e-05,0.000130423,0.000193821,0.00028708,0.000424266,0.000626069,0.000922926,0.00135961,0.00200198,0.00294692,0.00433694,0.0063817,inf	6826.08,6826.08,10957.8,4789.82,3598.05,3081.59,2748.02,2381.59,2168.14,2062.29,1969.96,1790.38,1509.9,1193.39,890.827,667.224,560.728,669.189,149.114,149.114
