0.000154242	-21089490.37	0,1.82833e-06,4.51785e-06,8.47418e-06,1.4294e-05,2.28551e-05,3.54487e-05,5.39741e-05,8.12254e-05,0.000121313,0.000180282,0.000267026,0.00039463,0.000582337,0.000858457,0.00126464,0.00186214,0.00274107,0.004034,0.00593592,inf	1063.01,1063.01,2030.17,2548.72,2583.04,2357.86,2173.45,2031.83,1897.72,1794.01,1721.98,1670.05,1627.48,1589.78,1557.27,1526.91,1490.61,1451.27,1318.21,1318.21
0.00016412	-21071020.19	0,1.82833e-06,4.51785e-06,8.47418e-06,1.4294e-05,2.28551e-05,3.54487e-05,5.39741e-05,8.12254e-05,0.000121313,0.000180282,0.000267026,0.00039463,0.000582337,0.000858457,0.00126464,0.00186214,0.00274107,0.004034,0.00593592,inf	532.336,532.336,1894.94,2949.4,3089.55,2710.24,2430.4,2217.67,2003.55,1840.3,1730.58,1650.82,1580.62,1512.62,1450.14,1392.63,1332.64,1280.24,1098.79,1098.79
0.000174774	-21056612.11	0,1.82833e-06,4.51785e-06,8.47418e-06,1.4294e-05,2.28551e-05,3.54487e-05,5.39741e-05,8.12254e-05,0.000121313,0.000180282,0.000267026,0.00039463,0.000582337,0.000858457,0.00126464,0.00186214,0.00274107,0.004034,0.00593592,inf	255.332,255.332,1657.81,3128.37,3372.13,2887.49,2570.37,2329.34,2068.6,1871.93,1743.68,1649.01,1559.21,1465.49,1375.78,1294.14,1216.95,1160.92,953.581,953.581
0.000185957	-21044512.07	0,1.82833e-06,4.51785e-06,8.47418e-06,1.4294e-05,2.28551e-05,3.54487e-05,5.39741e-05,8.12254e-05,0.000121313,0.000180282,0.000267026,0.00039463,0.000582337,0.000858457,0.00126464,0.00186214,0.00274107,0.004034,0.00593592,inf	124.953,124.953,1449.5,3235.02,3546.33,2974.43,2648.83,2400.2,2110.75,1895.16,1758.93,1656.69,1552.31,1436.44,1322.37,1219.47,1128.98,1073.03,848.385,848.385
0.000197515	-21033918.11	0,1.82833e-06,4.51785e-06,8.47418e-06,1.4294e-05,2.28551e-05,3.54487e-05,5.39741e-05,8.12254e-05,0.000121313,0.000180282,0.000267026,0.00039463,0.000582337,0.000858457,0.00126464,0.00186214,0.00274107,0.004034,0.00593592,inf	63.8355,63.8355,1296.21,3337.55,3673.22,3016.92,2695.89,2448.27,2139.21,1912.62,1774.28,1668.83,1553.4,1418.46,1282.83,1161.29,1060.12,1005.8,767.966,767.966
0.000209347	-21024413.97	0,1.82833e-06,4.51785e-06,8.47418e-06,1.4294e-05,2.28551e-05,3.54487e-05,5.39741e-05,8.12254e-05,0.000121313,0.000180282,0.000267026,0.00039463,0.000582337,0.000858457,0.00126464,0.00186214,0.00274107,0.004034,0.00593592,inf	34.2855,34.2855,1192.97,3461.15,3779.78,3037.54,2727.11,2483.2,2159.03,1925.78,1788.56,1682.54,1558.67,1407.32,1252.74,1114.92,1004.98,952.948,704.269,704.269
0.000221387	-21015755.30	0,1.82833e-06,4.51785e-06,8.47418e-06,1.4294e-05,2.28551e-05,3.54487e-05,5.39741e-05,8.12254e-05,0.000121313,0.000180282,0.000267026,0.00039463,0.000582337,0.000858457,0.00126464,0.00186214,0.00274107,0.004034,0.00593592,inf	19.362,19.362,1129.67,3612.4,3876.44,3047.12,2750.48,2510.39,2173.25,1935.73,1801.31,1696.29,1565.9,1400.45,1229.28,1077.22,960.002,910.544,652.54,652.54
0.000233587	-21007783.13	0,1.82833e-06,4.51785e-06,8.47418e-06,1.4294e-05,2.28551e-05,3.54487e-05,5.39741e-05,8.12254e-05,0.000121313,0.000180282,0.000267026,0.00039463,0.000582337,0.000858457,0.00126464,0.00186214,0.00274107,0.004034,0.00593592,inf	11.4655,11.4655,1097.46,3790.37,3966.14,3050.85,2770.17,2532.92,2183.8,1943.29,1812.46,1709.31,1573.81,1396.25,1210.57,1046.06,922.741,875.972,609.744,609.744
0.000245913	-21000385.76	0,1.82833e-06,4.51785e-06,8.47418e-06,1.4294e-05,2.28551e-05,3.54487e-05,5.39741e-05,8.12254e-05,0.000121313,0.000180282,0.000267026,0.00039463,0.000582337,0.000858457,0.00126464,0.00186214,0.00274107,0.004034,0.00593592,inf	7.10201,7.10201,1089.9,3991.38,4048.82,3051.3,2788.36,2552.6,2191.96,1949.14,1822.15,1721.27,1581.71,1393.69,1195.32,1019.92,891.47,847.426,573.828,573.828
0.00025834	-20993480.03	0,1.82833e-06,4.51785e-06,8.47418e-06,1.4294e-05,2.28551e-05,3.54487e-05,5.39741e-05,8.12254e-05,0.000121313,0.000180282,0.000267026,0.00039463,0.000582337,0.000858457,0.00126464,0.00186214,0.00274107,0.004034,0.00593592,inf	4.58253,4.58253,1102.6,4210.97,4123.55,3049.8,2806.18,2570.54,2198.57,1953.78,1830.58,1732.07,1589.18,1392.12,1182.65,997.708,864.924,823.606,543.338,543.338
0.000270849	-20987001.44	0,1.82833e-06,4.51785e-06,8.47418e-06,1.4294e-05,2.28551e-05,3.54487e-05,5.39741e-05,8.12254e-05,0.000121313,0.000180282,0.000267026,0.00039463,0.000582337,0.000858457,0.00126464,0.00186214,0.00274107,0.004034,0.00593592,inf	2.47,2.47,1132.75,4444.67,4189.35,3047.09,2824.22,2587.39,2204.2,1957.59,1837.96,1741.74,1596.03,1391.1,1171.91,978.595,842.161,803.556,517.204,517.204
0.000283423	-20980898.44	0,1.82833e-06,4.51785e-06,8.47418e-06,1.4294e-05,2.28551e-05,3.54487e-05,5.39741e-05,8.12254e-05,0.000121313,0.000180282,0.000267026,0.00039463,0.000582337,0.000858457,0.00126464,0.00186214,0.00274107,0.004034,0.00593592,inf	1.71765,1.71765,1178.62,4688.25,4245.5,3043.69,2842.75,2603.56,2209.24,1960.87,1844.5,1750.36,1602.18,1390.35,1162.64,961.966,822.462,786.553,494.621,494.621
0.000296049	-20975128.93	0,1.82833e-06,4.51785e-06,8.47418e-06,1.4294e-05,2.28551e-05,3.54487e-05,5.39741e-05,8.12254e-05,0.000121313,0.000180282,0.000267026,0.00039463,0.000582337,0.000858457,0.00126464,0.00186214,0.00274107,0.004034,0.00593592,inf	1.71749,1.71749,1239.19,4937.92,4291.73,3039.9,2861.87,2619.28,2213.93,1963.81,1850.35,1758.02,1607.61,1389.69,1154.48,947.348,805.273,772.036,474.962,474.962
0.000308717	-20969657.76	0,1.82833e-06,4.51785e-06,8.47418e-06,1.4294e-05,2.28551e-05,3.54487e-05,5.39741e-05,8.12254e-05,0.000121313,0.000180282,0.000267026,0.00039463,0.000582337,0.000858457,0.00126464,0.00186214,0.00274107,0.004034,0.00593592,inf	1.71749,1.71749,1313.89,5190.1,4328.07,3036.03,2881.62,2634.7,2218.44,1966.56,1855.65,1764.84,1612.32,1389,1147.2,934.373,790.155,759.569,457.736,457.736
0.000321417	-20964455.36	0,1.82833e-06,4.51785e-06,8.47418e-06,1.4294e-05,2.28551e-05,3.54487e-05,5.39741e-05,8.12254e-05,0.000121313,0.000180282,0.000267026,0.00039463,0.000582337,0.000858457,0.00126464,0.00186214,0.00274107,0.004034,0.00593592,inf	1.71749,1.71749,1402.63,5441.8,4354.89,3032.29,2901.96,2649.9,2222.88,1969.22,1860.53,1770.93,1616.37,1388.21,1140.58,922.75,776.762,748.805,442.548,442.548
0.000334141	-20959496.49	0,1.82833e-06,4.51785e-06,8.47418e-06,1.4294e-05,2.28551e-05,3.54487e-05,5.39741e-05,8.12254e-05,0.000121313,0.000180282,0.000267026,0.00039463,0.000582337,0.000858457,0.00126464,0.00186214,0.00274107,0.004034,0.00593592,inf	1.71749,1.71749,1505.45,5690.28,4372.73,3028.87,2922.83,2664.91,2227.31,1971.87,1865.08,1776.36,1619.8,1387.28,1134.49,912.249,764.816,739.464,429.079,429.079
0.000346882	-20954759.42	0,1.82833e-06,4.51785e-06,8.47418e-06,1.4294e-05,2.28551e-05,3.54487e-05,5.39741e-05,8.12254e-05,0.000121313,0.000180282,0.000267026,0.00039463,0.000582337,0.000858457,0.00126464,0.00186214,0.00274107,0.004034,0.00593592,inf	1.71749,1.71749,1622.58,5933.15,4382.36,3025.91,2944.17,2679.75,2231.77,1974.56,1869.36,1781.24,1622.66,1386.17,1128.81,902.686,754.092,731.319,417.068,417.068
0.000359634	-20950225.31	0,1.82833e-06,4.51785e-06,8.47418e-06,1.4294e-05,2.28551e-05,3.54487e-05,5.39741e-05,8.12254e-05,0.000121313,0.000180282,0.000267026,0.00039463,0.000582337,0.000858457,0.00126464,0.00186214,0.00274107,0.004034,0.00593592,inf	1.71749,1.71749,1754.23,6168.26,4384.53,3023.55,2965.9,2694.43,2236.28,1977.3,1873.43,1785.63,1625.01,1384.88,1123.46,893.915,744.406,724.184,406.298,406.298
0.000372391	-20945877.73	0,1.82833e-06,4.51785e-06,8.47418e-06,1.4294e-05,2.28551e-05,3.54487e-05,5.39741e-05,8.12254e-05,0.000121313,0.000180282,0.000267026,0.00039463,0.000582337,0.000858457,0.00126464,0.00186214,0.00274107,0.004034,0.00593592,inf	1.71749,1.71749,1900.65,6393.8,4380.09,3021.89,2987.97,2708.95,2240.86,1980.12,1877.35,1789.59,1626.89,1383.41,1118.36,885.814,735.608,717.908,396.592,396.592
0.00038515	-20941702.22	0,1.82833e-06,4.51785e-06,8.47418e-06,1.4294e-05,2.28551e-05,3.54487e-05,5.39741e-05,8.12254e-05,0.000121313,0.000180282,0.000267026,0.00039463,0.000582337,0.000858457,0.00126464,0.00186214,0.00274107,0.004034,0.00593592,inf	1.71749,1.71749,2062.09,6608.23,4369.87,3021,3010.3,2723.29,2245.5,1983.04,1881.15,1793.2,1628.37,1381.77,1113.48,878.285,727.572,712.364,387.799,387.799
0.000397905	-20937685.97	0,1.82833e-06,4.51785e-06,8.47418e-06,1.4294e-05,2.28551e-05,3.54487e-05,5.39741e-05,8.12254e-05,0.000121313,0.000180282,0.000267026,0.00039463,0.000582337,0.000858457,0.00126464,0.00186214,0.00274107,0.004034,0.00593592,inf	1.71749,1.71749,2238.75,6810.22,4354.69,3020.92,3032.85,2737.45,2250.19,1986.06,1884.85,1796.49,1629.47,1379.97,1108.77,871.249,720.197,707.446,379.795,379.795
0.000410654	-20933817.70	0,1.82833e-06,4.51785e-06,8.47418e-06,1.4294e-05,2.28551e-05,3.54487e-05,5.39741e-05,8.12254e-05,0.000121313,0.000180282,0.000267026,0.00039463,0.000582337,0.000858457,0.00126464,0.00186214,0.00274107,0.004034,0.00593592,inf	1.71749,1.71749,2430.54,6998.76,4335.32,3021.74,3055.56,2751.41,2254.94,1989.17,1888.48,1799.51,1630.26,1378.01,1104.19,864.641,713.395,703.066,372.474,372.474
0.000423393	-20930087.26	0,1.82833e-06,4.51785e-06,8.47418e-06,1.4294e-05,2.28551e-05,3.54487e-05,5.39741e-05,8.12254e-05,0.000121313,0.000180282,0.000267026,0.00039463,0.000582337,0.000858457,0.00126464,0.00186214,0.00274107,0.004034,0.00593592,inf	1.71749,1.71749,2637.46,7173.05,4312.48,3023.45,3078.38,2765.17,2259.74,1992.38,1892.05,1802.29,1630.75,1375.91,1099.74,858.406,707.095,699.151,365.747,365.747
0.00043612	-20926485.55	0,1.82833e-06,4.51785e-06,8.47418e-06,1.4294e-05,2.28551e-05,3.54487e-05,5.39741e-05,8.12254e-05,0.000121313,0.000180282,0.000267026,0.00039463,0.000582337,0.000858457,0.00126464,0.00186214,0.00274107,0.004034,0.00593592,inf	1.71749,1.71749,2859.2,7332.46,4286.84,3026.09,3101.26,2778.72,2264.57,1995.67,1895.59,1804.86,1631,1373.68,1095.38,852.498,701.235,695.638,359.538,359.538
0.000448832	-20923004.44	0,1.82833e-06,4.51785e-06,8.47418e-06,1.4294e-05,2.28551e-05,3.54487e-05,5.39741e-05,8.12254e-05,0.000121313,0.000180282,0.000267026,0.00039463,0.000582337,0.000858457,0.00126464,0.00186214,0.00274107,0.004034,0.00593592,inf	1.71749,1.71749,3095.35,7476.68,4259,3029.66,3124.19,2792.04,2269.42,1999.06,1899.1,1807.26,1631.02,1371.35,1091.12,846.881,695.765,692.473,353.782,353.782
0.000461528	-20919636.53	0,1.82833e-06,4.51785e-06,8.47418e-06,1.4294e-05,2.28551e-05,3.54487e-05,5.39741e-05,8.12254e-05,0.000121313,0.000180282,0.000267026,0.00039463,0.000582337,0.000858457,0.00126464,0.00186214,0.00274107,0.004034,0.00593592,inf	1.71749,1.71749,3345.41,7605.59,4229.51,3034.15,3147.12,2805.14,2274.29,2002.52,1902.59,1809.51,1630.84,1368.91,1086.93,841.522,690.64,689.614,348.425,348.425
0.000474207	-20916375.12	0,1.82833e-06,4.51785e-06,8.47418e-06,1.4294e-05,2.28551e-05,3.54487e-05,5.39741e-05,8.12254e-05,0.000121313,0.000180282,0.000267026,0.00039463,0.000582337,0.000858457,0.00126464,0.00186214,0.00274107,0.004034,0.00593592,inf	1.71749,1.71749,3608.62,7719.23,4198.82,3039.56,3170.02,2818,2279.16,2006.06,1906.06,1811.62,1630.49,1366.38,1082.81,836.395,685.823,687.02,343.419,343.419
0.000486865	-20913214.16	0,1.82833e-06,4.51785e-06,8.47418e-06,1.4294e-05,2.28551e-05,3.54487e-05,5.39741e-05,8.12254e-05,0.000121313,0.000180282,0.000267026,0.00039463,0.000582337,0.000858457,0.00126464,0.00186214,0.00274107,0.004034,0.00593592,inf	1.71749,1.71749,3884.23,7817.81,4167.38,3045.88,3192.86,2830.62,2284.04,2009.66,1909.52,1813.61,1630,1363.78,1078.75,831.478,681.282,684.661,338.724,338.724
0.000499503	-20910148.08	0,1.82833e-06,4.51785e-06,8.47418e-06,1.4294e-05,2.28551e-05,3.54487e-05,5.39741e-05,8.12254e-05,0.000121313,0.000180282,0.000267026,0.00039463,0.000582337,0.000858457,0.00126464,0.00186214,0.00274107,0.004034,0.00593592,inf	1.71749,1.71749,4171.36,7901.76,4135.57,3053.07,3215.64,2842.99,2288.9,2013.32,1912.97,1815.5,1629.37,1361.11,1074.75,826.751,676.99,682.508,334.305,334.305
0.000512119	-20907171.77	0,1.82833e-06,4.51785e-06,8.47418e-06,1.4294e-05,2.28551e-05,3.54487e-05,5.39741e-05,8.12254e-05,0.000121313,0.000180282,0.000267026,0.00039463,0.000582337,0.000858457,0.00126464,0.00186214,0.00274107,0.004034,0.00593592,inf	1.71749,1.71749,4469.1,7971.47,4103.67,3061.14,3238.31,2855.12,2293.75,2017.04,1916.42,1817.29,1628.62,1358.39,1070.81,822.198,672.923,680.537,330.132,330.132
0.000524713	-20904280.59	0,1.82833e-06,4.51785e-06,8.47418e-06,1.4294e-05,2.28551e-05,3.54487e-05,5.39741e-05,8.12254e-05,0.000121313,0.000180282,0.000267026,0.00039463,0.000582337,0.000858457,0.00126464,0.00186214,0.00274107,0.004034,0.00593592,inf	1.71749,1.71749,4776.45,8027.58,4072,3070.05,3260.89,2867,2298.58,2020.8,1919.86,1819.01,1627.77,1355.63,1066.92,817.806,669.06,678.728,326.179,326.179
0.000537283	-20901470.24	0,1.82833e-06,4.51785e-06,8.47418e-06,1.4294e-05,2.28551e-05,3.54487e-05,5.39741e-05,8.12254e-05,0.000121313,0.000180282,0.000267026,0.00039463,0.000582337,0.000858457,0.00126464,0.00186214,0.00274107,0.004034,0.00593592,inf	1.71749,1.71749,5092.34,8070.7,4040.74,3079.78,3283.33,2878.63,2303.37,2024.6,1923.3,1820.65,1626.84,1352.82,1063.08,813.562,665.384,677.063,322.423,322.423
0.000549829	-20898736.74	0,1.82833e-06,4.51785e-06,8.47418e-06,1.4294e-05,2.28551e-05,3.54487e-05,5.39741e-05,8.12254e-05,0.000121313,0.000180282,0.000267026,0.00039463,0.000582337,0.000858457,0.00126464,0.00186214,0.00274107,0.004034,0.00593592,inf	1.71749,1.71749,5415.85,8101.57,4010.12,3090.29,3305.63,2890.01,2308.14,2028.44,1926.74,1822.23,1625.83,1349.98,1059.29,809.456,661.879,675.526,318.845,318.845
0.00056235	-20896076.47	0,1.82833e-06,4.51785e-06,8.47418e-06,1.4294e-05,2.28551e-05,3.54487e-05,5.39741e-05,8.12254e-05,0.000121313,0.000180282,0.000267026,0.00039463,0.000582337,0.000858457,0.00126464,0.00186214,0.00274107,0.004034,0.00593592,inf	1.71749,1.71749,5745.93,8120.89,3980.28,3101.55,3327.77,2901.13,2312.86,2032.32,1930.17,1823.75,1624.75,1347.12,1055.56,805.478,658.531,674.105,315.427,315.427
0.000574846	-20893485.97	0,1.82833e-06,4.51785e-06,8.47418e-06,1.4294e-05,2.28551e-05,3.54487e-05,5.39741e-05,8.12254e-05,0.000121313,0.000180282,0.000267026,0.00039463,0.000582337,0.000858457,0.00126464,0.00186214,0.00274107,0.004034,0.00593592,inf	1.71749,1.71749,6081.61,8129.49,3951.37,3113.52,3349.73,2911.99,2317.54,2036.21,1933.6,1825.23,1623.62,1344.24,1051.87,801.62,655.327,672.788,312.154,312.154
0.000587316	-20890962.11	0,1.82833e-06,4.51785e-06,8.47418e-06,1.4294e-05,2.28551e-05,3.54487e-05,5.39741e-05,8.12254e-05,0.000121313,0.000180282,0.000267026,0.00039463,0.000582337,0.000858457,0.00126464,0.00186214,0.00274107,0.004034,0.00593592,inf	1.71749,1.71749,6422,8128.09,3923.46,3126.19,3371.5,2922.6,2322.17,2040.13,1937.02,1826.66,1622.44,1341.35,1048.22,797.876,652.258,671.565,309.013,309.013
0.000599761	-20888501.94	0,1.82833e-06,4.51785e-06,8.47418e-06,1.4294e-05,2.28551e-05,3.54487e-05,5.39741e-05,8.12254e-05,0.000121313,0.000180282,0.000267026,0.00039463,0.000582337,0.000858457,0.00126464,0.00186214,0.00274107,0.004034,0.00593592,inf	1.71749,1.71749,6766.1,8117.49,3896.67,3139.5,3393.07,2932.96,2326.76,2044.07,1940.44,1828.04,1621.21,1338.45,1044.63,794.239,649.314,670.427,305.993,305.993
0.000612179	-20886102.70	0,1.82833e-06,4.51785e-06,8.47418e-06,1.4294e-05,2.28551e-05,3.54487e-05,5.39741e-05,8.12254e-05,0.000121313,0.000180282,0.000267026,0.00039463,0.000582337,0.000858457,0.00126464,0.00186214,0.00274107,0.004034,0.00593592,inf	1.71749,1.71749,7113.07,8098.43,3871.02,3153.43,3414.44,2943.06,2331.29,2048.02,1943.86,1829.39,1619.95,1335.55,1041.08,790.703,646.486,669.366,303.083,303.083
0.000624571	-20883761.83	0,1.82833e-06,4.51785e-06,8.47418e-06,1.4294e-05,2.28551e-05,3.54487e-05,5.39741e-05,8.12254e-05,0.000121313,0.000180282,0.000267026,0.00039463,0.000582337,0.000858457,0.00126464,0.00186214,0.00274107,0.004034,0.00593592,inf	1.71749,1.71749,7462.21,8071.59,3846.57,3167.94,3435.59,2952.92,2335.77,2051.98,1947.27,1830.7,1618.65,1332.65,1037.58,787.263,643.766,668.376,300.275,300.275
0.000636936	-20881476.90	0,1.82833e-06,4.51785e-06,8.47418e-06,1.4294e-05,2.28551e-05,3.54487e-05,5.39741e-05,8.12254e-05,0.000121313,0.000180282,0.000267026,0.00039463,0.000582337,0.000858457,0.00126464,0.00186214,0.00274107,0.004034,0.00593592,inf	1.71749,1.71749,7812.8,8037.74,3823.35,3182.99,3456.51,2962.52,2340.2,2055.95,1950.67,1831.98,1617.33,1329.75,1034.13,783.915,641.148,667.451,297.56,297.56
0.000649275	-20879245.68	0,1.82833e-06,4.51785e-06,8.47418e-06,1.4294e-05,2.28551e-05,3.54487e-05,5.39741e-05,8.12254e-05,0.000121313,0.000180282,0.000267026,0.00039463,0.000582337,0.000858457,0.00126464,0.00186214,0.00274107,0.004034,0.00593592,inf	1.71749,1.71749,8164.12,7997.5,3801.34,3198.55,3477.19,2971.88,2344.57,2059.93,1954.06,1833.24,1615.98,1326.85,1030.72,780.654,638.625,666.586,294.931,294.931
0.000661586	-20877066.05	0,1.82833e-06,4.51785e-06,8.47418e-06,1.4294e-05,2.28551e-05,3.54487e-05,5.39741e-05,8.12254e-05,0.000121313,0.000180282,0.000267026,0.00039463,0.000582337,0.000858457,0.00126464,0.00186214,0.00274107,0.004034,0.00593592,inf	1.71749,1.71749,8515.48,7951.5,3780.61,3214.6,3497.62,2980.99,2348.89,2063.91,1957.45,1834.46,1614.62,1323.97,1027.36,777.477,636.193,665.775,292.381,292.381
0.000673871	-20874935.99	0,1.82833e-06,4.51785e-06,8.47418e-06,1.4294e-05,2.28551e-05,3.54487e-05,5.39741e-05,8.12254e-05,0.000121313,0.000180282,0.000267026,0.00039463,0.000582337,0.000858457,0.00126464,0.00186214,0.00274107,0.004034,0.00593592,inf	1.71749,1.71749,8866.4,7900.38,3761.11,3231.09,3517.8,2989.86,2353.15,2067.89,1960.83,1835.66,1613.24,1321.09,1024.04,774.381,633.845,665.016,289.906,289.906
0.000686128	-20872853.63	0,1.82833e-06,4.51785e-06,8.47418e-06,1.4294e-05,2.28551e-05,3.54487e-05,5.39741e-05,8.12254e-05,0.000121313,0.000180282,0.000267026,0.00039463,0.000582337,0.000858457,0.00126464,0.00186214,0.00274107,0.004034,0.00593592,inf	1.71749,1.71749,9216.39,7844.69,3742.84,3248,3537.72,2998.48,2357.35,2071.87,1964.2,1836.83,1611.85,1318.23,1020.77,771.361,631.578,664.304,287.5,287.5
0.000698358	-20870817.19	0,1.82833e-06,4.51785e-06,8.47418e-06,1.4294e-05,2.28551e-05,3.54487e-05,5.39741e-05,8.12254e-05,0.000121313,0.000180282,0.000267026,0.00039463,0.000582337,0.000858457,0.00126464,0.00186214,0.00274107,0.004034,0.00593592,inf	1.71749,1.71749,9564.94,7784.98,3725.77,3265.28,3557.36,3006.88,2361.49,2075.85,1967.55,1837.99,1610.45,1315.38,1017.54,768.415,629.386,663.636,285.159,285.159
0.000710562	-20868825.00	0,1.82833e-06,4.51785e-06,8.47418e-06,1.4294e-05,2.28551e-05,3.54487e-05,5.39741e-05,8.12254e-05,0.000121313,0.000180282,0.000267026,0.00039463,0.000582337,0.000858457,0.00126464,0.00186214,0.00274107,0.004034,0.00593592,inf	1.71749,1.71749,9911.72,7721.71,3709.88,3282.92,3576.74,3015.04,2365.58,2079.82,1970.9,1839.12,1609.04,1312.55,1014.36,765.541,627.267,663.01,282.878,282.878
0.000722738	-20866875.47	0,1.82833e-06,4.51785e-06,8.47418e-06,1.4294e-05,2.28551e-05,3.54487e-05,5.39741e-05,8.12254e-05,0.000121313,0.000180282,0.000267026,0.00039463,0.000582337,0.000858457,0.00126464,0.00186214,0.00274107,0.004034,0.00593592,inf	1.71749,1.71749,10256.3,7655.36,3695.15,3300.88,3595.83,3022.98,2369.62,2083.79,1974.24,1840.23,1607.62,1309.74,1011.22,762.735,625.217,662.422,280.654,280.654
0.000734887	-20864967.09	0,1.82833e-06,4.51785e-06,8.47418e-06,1.4294e-05,2.28551e-05,3.54487e-05,5.39741e-05,8.12254e-05,0.000121313,0.000180282,0.000267026,0.00039463,0.000582337,0.000858457,0.00126464,0.00186214,0.00274107,0.004034,0.00593592,inf	1.71749,1.71749,10598.4,7586.35,3681.56,3319.13,3614.63,3030.69,2373.6,2087.76,1977.57,1841.33,1606.2,1306.94,1008.13,759.996,623.232,661.87,278.483,278.483
0.000747008	-20863098.44	0,1.82833e-06,4.51785e-06,8.47418e-06,1.4294e-05,2.28551e-05,3.54487e-05,5.39741e-05,8.12254e-05,0.000121313,0.000180282,0.000267026,0.00039463,0.000582337,0.000858457,0.00126464,0.00186214,0.00274107,0.004034,0.00593592,inf	1.71749,1.71749,10937.7,7515.07,3669.05,3337.64,3633.14,3038.18,2377.53,2091.72,1980.88,1842.4,1604.77,1304.16,1005.07,757.321,621.31,661.353,276.363,276.363
0.000759103	-20861268.20	0,1.82833e-06,4.51785e-06,8.47418e-06,1.4294e-05,2.28551e-05,3.54487e-05,5.39741e-05,8.12254e-05,0.000121313,0.000180282,0.000267026,0.00039463,0.000582337,0.000858457,0.00126464,0.00186214,0.00274107,0.004034,0.00593592,inf	1.71749,1.71749,11274.1,7441.9,3657.6,3356.4,3651.37,3045.46,2381.41,2095.67,1984.18,1843.46,1603.34,1301.41,1002.06,754.707,619.447,660.869,274.29,274.29
0.00077117	-20859475.03	0,1.82833e-06,4.51785e-06,8.47418e-06,1.4294e-05,2.28551e-05,3.54487e-05,5.39741e-05,8.12254e-05,0.000121313,0.000180282,0.000267026,0.00039463,0.000582337,0.000858457,0.00126464,0.00186214,0.00274107,0.004034,0.00593592,inf	1.71749,1.71749,11607.3,7367.15,3647.19,3375.36,3669.3,3052.53,2385.23,2099.62,1987.47,1844.5,1601.91,1298.67,999.096,752.154,617.641,660.415,272.263,272.263
0.000783211	-20857717.75	0,1.82833e-06,4.51785e-06,8.47418e-06,1.4294e-05,2.28551e-05,3.54487e-05,5.39741e-05,8.12254e-05,0.000121313,0.000180282,0.000267026,0.00039463,0.000582337,0.000858457,0.00126464,0.00186214,0.00274107,0.004034,0.00593592,inf	1.71749,1.71749,11937.2,7291.15,3637.75,3394.51,3686.93,3059.39,2389.01,2103.55,1990.75,1845.52,1600.48,1295.95,996.169,749.658,615.89,659.991,270.278,270.278
0.000795225	-20855995.17	0,1.82833e-06,4.51785e-06,8.47418e-06,1.4294e-05,2.28551e-05,3.54487e-05,5.39741e-05,8.12254e-05,0.000121313,0.000180282,0.000267026,0.00039463,0.000582337,0.000858457,0.00126464,0.00186214,0.00274107,0.004034,0.00593592,inf	1.71749,1.71749,12263.6,7214.13,3629.26,3413.82,3704.25,3066.06,2392.74,2107.48,1994.02,1846.53,1599.05,1293.26,993.283,747.219,614.191,659.594,268.335,268.335
0.000807212	-20854306.19	0,1.82833e-06,4.51785e-06,8.47418e-06,1.4294e-05,2.28551e-05,3.54487e-05,5.39741e-05,8.12254e-05,0.000121313,0.000180282,0.000267026,0.00039463,0.000582337,0.000858457,0.00126464,0.00186214,0.00274107,0.004034,0.00593592,inf	1.71749,1.71749,12586.4,7136.39,3621.67,3433.27,3721.28,3072.53,2396.43,2111.41,1997.27,1847.52,1597.62,1290.59,990.436,744.834,612.542,659.225,266.43,266.43
0.000819172	-20852649.78	0,1.82833e-06,4.51785e-06,8.47418e-06,1.4294e-05,2.28551e-05,3.54487e-05,5.39741e-05,8.12254e-05,0.000121313,0.000180282,0.000267026,0.00039463,0.000582337,0.000858457,0.00126464,0.00186214,0.00274107,0.004034,0.00593592,inf	1.71749,1.71749,12905.5,7058.14,3614.97,3452.84,3738,3078.81,2400.07,2115.32,2000.51,1848.5,1596.2,1287.93,987.63,742.502,610.942,658.881,264.562,264.562
0.000831105	-20851024.89	0,1.82833e-06,4.51785e-06,8.47418e-06,1.4294e-05,2.28551e-05,3.54487e-05,5.39741e-05,8.12254e-05,0.000121313,0.000180282,0.000267026,0.00039463,0.000582337,0.000858457,0.00126464,0.00186214,0.00274107,0.004034,0.00593592,inf	1.71749,1.71749,13220.9,6979.57,3609.1,3472.51,3754.41,3084.9,2403.66,2119.22,2003.73,1849.47,1594.77,1285.3,984.863,740.221,609.388,658.561,262.73,262.73
0.000843012	-20849430.60	0,1.82833e-06,4.51785e-06,8.47418e-06,1.4294e-05,2.28551e-05,3.54487e-05,5.39741e-05,8.12254e-05,0.000121313,0.000180282,0.000267026,0.00039463,0.000582337,0.000858457,0.00126464,0.00186214,0.00274107,0.004034,0.00593592,inf	1.71749,1.71749,13532.5,6900.86,3604.01,3492.25,3770.52,3090.81,2407.22,2123.12,2006.94,1850.42,1593.35,1282.7,982.134,737.991,607.879,658.266,260.932,260.932
0.000854892	-20847865.97	0,1.82833e-06,4.51785e-06,8.47418e-06,1.4294e-05,2.28551e-05,3.54487e-05,5.39741e-05,8.12254e-05,0.000121313,0.000180282,0.000267026,0.00039463,0.000582337,0.000858457,0.00126464,0.00186214,0.00274107,0.004034,0.00593592,inf	1.71749,1.71749,13840.3,6822.19,3599.68,3512.04,3786.33,3096.55,2410.74,2127.01,2010.14,1851.35,1591.93,1280.11,979.443,735.808,606.413,657.993,259.166,259.166
0.000866745	-20846330.12	0,1.82833e-06,4.51785e-06,8.47418e-06,1.4294e-05,2.28551e-05,3.54487e-05,5.39741e-05,8.12254e-05,0.000121313,0.000180282,0.000267026,0.00039463,0.000582337,0.000858457,0.00126464,0.00186214,0.00274107,0.004034,0.00593592,inf	1.71749,1.71749,14144.4,6743.71,3596.07,3531.88,3801.83,3102.13,2414.22,2130.89,2013.32,1852.27,1590.52,1277.55,976.789,733.672,604.988,657.742,257.432,257.432
0.000878572	-20844822.21	0,1.82833e-06,4.51785e-06,8.47418e-06,1.4294e-05,2.28551e-05,3.54487e-05,5.39741e-05,8.12254e-05,0.000121313,0.000180282,0.000267026,0.00039463,0.000582337,0.000858457,0.00126464,0.00186214,0.00274107,0.004034,0.00593592,inf	1.71749,1.71749,14444.6,6665.54,3593.15,3551.74,3817.03,3107.53,2417.66,2134.76,2016.49,1853.18,1589.11,1275.01,974.172,731.583,603.603,657.512,255.728,255.728
0.000890373	-20843341.43	0,1.82833e-06,4.51785e-06,8.47418e-06,1.4294e-05,2.28551e-05,3.54487e-05,5.39741e-05,8.12254e-05,0.000121313,0.000180282,0.000267026,0.00039463,0.000582337,0.000858457,0.00126464,0.00186214,0.00274107,0.004034,0.00593592,inf	1.71749,1.71749,14741,6587.81,3590.88,3571.6,3831.92,3112.78,2421.08,2138.62,2019.65,1854.07,1587.7,1272.49,971.591,729.537,602.257,657.302,254.052,254.052
0.000902148	-20841887.02	0,1.82833e-06,4.51785e-06,8.47418e-06,1.4294e-05,2.28551e-05,3.54487e-05,5.39741e-05,8.12254e-05,0.000121313,0.000180282,0.000267026,0.00039463,0.000582337,0.000858457,0.00126464,0.00186214,0.00274107,0.004034,0.00593592,inf	1.71749,1.71749,15033.8,6510.62,3589.22,3591.45,3846.52,3117.88,2424.46,2142.47,2022.79,1854.96,1586.29,1269.99,969.046,727.535,600.948,657.113,252.405,252.405
0.000913897	-20840458.21	0,1.82833e-06,4.51785e-06,8.47418e-06,1.4294e-05,2.28551e-05,3.54487e-05,5.39741e-05,8.12254e-05,0.000121313,0.000180282,0.000267026,0.00039463,0.000582337,0.000858457,0.00126464,0.00186214,0.00274107,0.004034,0.00593592,inf	1.71749,1.71749,15322.8,6434.04,3588.15,3611.28,3860.82,3122.83,2427.81,2146.32,2025.91,1855.82,1584.89,1267.51,966.536,725.575,599.675,656.943,250.785,250.785
0.00092562	-20839054.31	0,1.82833e-06,4.51785e-06,8.47418e-06,1.4294e-05,2.28551e-05,3.54487e-05,5.39741e-05,8.12254e-05,0.000121313,0.000180282,0.000267026,0.00039463,0.000582337,0.000858457,0.00126464,0.00186214,0.00274107,0.004034,0.00593592,inf	1.71749,1.71749,15608.1,6358.15,3587.62,3631.06,3874.83,3127.63,2431.13,2150.16,2029.02,1856.68,1583.5,1265.05,964.06,723.655,598.437,656.792,249.191,249.191
0.000937317	-20837674.63	0,1.82833e-06,4.51785e-06,8.47418e-06,1.4294e-05,2.28551e-05,3.54487e-05,5.39741e-05,8.12254e-05,0.000121313,0.000180282,0.000267026,0.00039463,0.000582337,0.000858457,0.00126464,0.00186214,0.00274107,0.004034,0.00593592,inf	1.71749,1.71749,15889.9,6282.99,3587.61,3650.79,3888.55,3132.3,2434.42,2153.99,2032.12,1857.52,1582.1,1262.62,961.618,721.776,597.233,656.659,247.622,247.622
0.000948988	-20836318.51	0,1.82833e-06,4.51785e-06,8.47418e-06,1.4294e-05,2.28551e-05,3.54487e-05,5.39741e-05,8.12254e-05,0.000121313,0.000180282,0.000267026,0.00039463,0.000582337,0.000858457,0.00126464,0.00186214,0.00274107,0.004034,0.00593592,inf	1.71749,1.71749,16168.1,6208.67,3588.09,3670.46,3901.97,3136.84,2437.69,2157.81,2035.2,1858.35,1580.72,1260.2,959.209,719.935,596.062,656.544,246.077,246.077
0.000960634	-20834985.33	0,1.82833e-06,4.51785e-06,8.47418e-06,1.4294e-05,2.28551e-05,3.54487e-05,5.39741e-05,8.12254e-05,0.000121313,0.000180282,0.000267026,0.00039463,0.000582337,0.000858457,0.00126464,0.00186214,0.00274107,0.004034,0.00593592,inf	1.71749,1.71749,16442.8,6135.2,3589.03,3690.06,3915.11,3141.25,2440.94,2161.63,2038.27,1859.16,1579.33,1257.81,956.832,718.133,594.922,656.446,244.556,244.556
0.000972254	-20833674.47	0,1.82833e-06,4.51785e-06,8.47418e-06,1.4294e-05,2.28551e-05,3.54487e-05,5.39741e-05,8.12254e-05,0.000121313,0.000180282,0.000267026,0.00039463,0.000582337,0.000858457,0.00126464,0.00186214,0.00274107,0.004034,0.00593592,inf	1.71749,1.71749,16714.2,6062.63,3590.4,3709.56,3927.97,3145.54,2444.16,2165.44,2041.32,1859.97,1577.95,1255.44,954.488,716.367,593.813,656.365,243.058,243.058
0.000983849	-20832385.35	0,1.82833e-06,4.51785e-06,8.47418e-06,1.4294e-05,2.28551e-05,3.54487e-05,5.39741e-05,8.12254e-05,0.000121313,0.000180282,0.000267026,0.00039463,0.000582337,0.000858457,0.00126464,0.00186214,0.00274107,0.004034,0.00593592,inf	1.71749,1.71749,16982.2,5991.01,3592.17,3728.96,3940.55,3149.71,2447.36,2169.24,2044.36,1860.76,1576.57,1253.08,952.175,714.636,592.734,656.301,241.582,241.582
0.000995419	-20831117.41	0,1.82833e-06,4.51785e-06,8.47418e-06,1.4294e-05,2.28551e-05,3.54487e-05,5.39741e-05,8.12254e-05,0.000121313,0.000180282,0.000267026,0.00039463,0.000582337,0.000858457,0.00126464,0.00186214,0.00274107,0.004034,0.00593592,inf	1.71749,1.71749,17247,5920.33,3594.33,3748.25,3952.85,3153.76,2450.55,2173.03,2047.39,1861.53,1575.2,1250.75,949.892,712.941,591.683,656.253,240.128,240.128
0.00100696	-20829870.11	0,1.82833e-06,4.51785e-06,8.47418e-06,1.4294e-05,2.28551e-05,3.54487e-05,5.39741e-05,8.12254e-05,0.000121313,0.000180282,0.000267026,0.00039463,0.000582337,0.000858457,0.00126464,0.00186214,0.00274107,0.004034,0.00593592,inf	1.71749,1.71749,17508.5,5850.62,3596.83,3767.43,3964.88,3157.71,2453.72,2176.82,2050.4,1862.3,1573.83,1248.44,947.64,711.28,590.661,656.221,238.695,238.695
0.00101848	-20828642.90	0,1.82833e-06,4.51785e-06,8.47418e-06,1.4294e-05,2.28551e-05,3.54487e-05,5.39741e-05,8.12254e-05,0.000121313,0.000180282,0.000267026,0.00039463,0.000582337,0.000858457,0.00126464,0.00186214,0.00274107,0.004034,0.00593592,inf	1.71749,1.71749,17767,5781.92,3599.67,3786.47,3976.65,3161.55,2456.87,2180.61,2053.39,1863.05,1572.47,1246.14,945.418,709.652,589.666,656.204,237.282,237.282
0.00102998	-20827435.31	0,1.82833e-06,4.51785e-06,8.47418e-06,1.4294e-05,2.28551e-05,3.54487e-05,5.39741e-05,8.12254e-05,0.000121313,0.000180282,0.000267026,0.00039463,0.000582337,0.000858457,0.00126464,0.00186214,0.00274107,0.004034,0.00593592,inf	1.71749,1.71749,18022.3,5714.21,3602.81,3805.4,3988.16,3165.3,2460,2184.38,2056.37,1863.79,1571.1,1243.86,943.225,708.056,588.697,656.202,235.889,235.889
0.00104145	-20826246.83	0,1.82833e-06,4.51785e-06,8.47418e-06,1.4294e-05,2.28551e-05,3.54487e-05,5.39741e-05,8.12254e-05,0.000121313,0.000180282,0.000267026,0.00039463,0.000582337,0.000858457,0.00126464,0.00186214,0.00274107,0.004034,0.00593592,inf	1.71749,1.71749,18274.7,5647.51,3606.22,3824.17,3999.41,3168.95,2463.12,2188.15,2059.33,1864.51,1569.74,1241.61,941.06,706.493,587.754,656.216,234.515,234.515
0.00105289	-20825077.00	0,1.82833e-06,4.51785e-06,8.47418e-06,1.4294e-05,2.28551e-05,3.54487e-05,5.39741e-05,8.12254e-05,0.000121313,0.000180282,0.000267026,0.00039463,0.000582337,0.000858457,0.00126464,0.00186214,0.00274107,0.004034,0.00593592,inf	1.71749,1.71749,18524.3,5581.83,3609.91,3842.8,4010.4,3172.51,2466.24,2191.92,2062.28,1865.23,1568.39,1239.37,938.924,704.959,586.836,656.244,233.16,233.16
0.00106431	-20823925.38	0,1.82833e-06,4.51785e-06,8.47418e-06,1.4294e-05,2.28551e-05,3.54487e-05,5.39741e-05,8.12254e-05,0.000121313,0.000180282,0.000267026,0.00039463,0.000582337,0.000858457,0.00126464,0.00186214,0.00274107,0.004034,0.00593592,inf	1.71749,1.71749,18771,5517.16,3613.84,3861.28,4021.16,3175.98,2469.34,2195.68,2065.22,1865.93,1567.04,1237.15,936.815,703.456,585.942,656.286,231.824,231.824
0.00107571	-20822791.52	0,1.82833e-06,4.51785e-06,8.47418e-06,1.4294e-05,2.28551e-05,3.54487e-05,5.39741e-05,8.12254e-05,0.000121313,0.000180282,0.000267026,0.00039463,0.000582337,0.000858457,0.00126464,0.00186214,0.00274107,0.004034,0.00593592,inf	1.71749,1.71749,19015,5453.5,3618,3879.61,4031.66,3179.37,2472.42,2199.43,2068.14,1866.62,1565.69,1234.94,934.734,701.983,585.071,656.342,230.505,230.505
0.00108708	-20821674.98	0,1.82833e-06,4.51785e-06,8.47418e-06,1.4294e-05,2.28551e-05,3.54487e-05,5.39741e-05,8.12254e-05,0.000121313,0.000180282,0.000267026,0.00039463,0.000582337,0.000858457,0.00126464,0.00186214,0.00274107,0.004034,0.00593592,inf	1.71749,1.71749,19256.3,5390.84,3622.35,3897.77,4041.93,3182.68,2475.5,2203.18,2071.04,1867.29,1564.34,1232.76,932.679,700.537,584.224,656.413,229.204,229.204
0.00109843	-20820575.38	0,1.82833e-06,4.51785e-06,8.47418e-06,1.4294e-05,2.28551e-05,3.54487e-05,5.39741e-05,8.12254e-05,0.000121313,0.000180282,0.000267026,0.00039463,0.000582337,0.000858457,0.00126464,0.00186214,0.00274107,0.004034,0.00593592,inf	1.71749,1.71749,19495.1,5329.16,3626.9,3915.76,4051.97,3185.92,2478.58,2206.92,2073.93,1867.96,1563,1230.59,930.65,699.12,583.399,656.496,227.92,227.92
0.00110975	-20819492.30	0,1.82833e-06,4.51785e-06,8.47418e-06,1.4294e-05,2.28551e-05,3.54487e-05,5.39741e-05,8.12254e-05,0.000121313,0.000180282,0.000267026,0.00039463,0.000582337,0.000858457,0.00126464,0.00186214,0.00274107,0.004034,0.00593592,inf	1.71749,1.71749,19731.3,5268.48,3631.62,3933.58,4061.78,3189.09,2481.64,2210.66,2076.81,1868.61,1561.66,1228.43,928.646,697.73,582.596,656.594,226.652,226.652
0.00112106	-20818425.38	0,1.82833e-06,4.51785e-06,8.47418e-06,1.4294e-05,2.28551e-05,3.54487e-05,5.39741e-05,8.12254e-05,0.000121313,0.000180282,0.000267026,0.00039463,0.000582337,0.000858457,0.00126464,0.00186214,0.00274107,0.004034,0.00593592,inf	1.71749,1.71749,19965.1,5208.76,3636.5,3951.22,4071.36,3192.19,2484.71,2214.39,2079.67,1869.24,1560.32,1226.3,926.668,696.367,581.813,656.704,225.401,225.401
0.00113233	-20817374.23	0,1.82833e-06,4.51785e-06,8.47418e-06,1.4294e-05,2.28551e-05,3.54487e-05,5.39741e-05,8.12254e-05,0.000121313,0.000180282,0.000267026,0.00039463,0.000582337,0.000858457,0.00126464,0.00186214,0.00274107,0.004034,0.00593592,inf	1.71749,1.71749,20196.5,5150.01,3641.51,3968.68,4080.73,3195.23,2487.76,2218.11,2082.51,1869.87,1558.98,1224.18,924.715,695.029,581.052,656.827,224.166,224.166
0.00114358	-20816338.51	0,1.82833e-06,4.51785e-06,8.47418e-06,1.4294e-05,2.28551e-05,3.54487e-05,5.39741e-05,8.12254e-05,0.000121313,0.000180282,0.000267026,0.00039463,0.000582337,0.000858457,0.00126464,0.00186214,0.00274107,0.004034,0.00593592,inf	1.71749,1.71749,20425.6,5092.2,3646.65,3985.97,4089.89,3198.21,2490.82,2221.84,2085.34,1870.48,1557.65,1222.08,922.786,693.717,580.31,656.963,222.946,222.946
0.00115481	-20815317.86	0,1.82833e-06,4.51785e-06,8.47418e-06,1.4294e-05,2.28551e-05,3.54487e-05,5.39741e-05,8.12254e-05,0.000121313,0.000180282,0.000267026,0.00039463,0.000582337,0.000858457,0.00126464,0.00186214,0.00274107,0.004034,0.00593592,inf	1.71749,1.71749,20652.4,5035.32,3651.9,4003.07,4098.84,3201.13,2493.87,2225.56,2088.16,1871.08,1556.32,1219.99,920.88,692.43,579.588,657.111,221.741,221.741
0.00116602	-20814311.95	0,1.82833e-06,4.51785e-06,8.47418e-06,1.4294e-05,2.28551e-05,3.54487e-05,5.39741e-05,8.12254e-05,0.000121313,0.000180282,0.000267026,0.00039463,0.000582337,0.000858457,0.00126464,0.00186214,0.00274107,0.004034,0.00593592,inf	1.71749,1.71749,20876.9,4979.36,3657.26,4019.98,4107.58,3204,2496.92,2229.27,2090.95,1871.67,1554.99,1217.91,918.998,691.167,578.885,657.272,220.552,220.552
0.0011772	-20813320.45	0,1.82833e-06,4.51785e-06,8.47418e-06,1.4294e-05,2.28551e-05,3.54487e-05,5.39741e-05,8.12254e-05,0.000121313,0.000180282,0.000267026,0.00039463,0.000582337,0.000858457,0.00126464,0.00186214,0.00274107,0.004034,0.00593592,inf	1.71749,1.71749,21099.4,4924.31,3662.7,4036.71,4116.12,3206.81,2499.97,2232.98,2093.74,1872.24,1553.66,1215.86,917.139,689.927,578.201,657.445,219.377,219.377
0.00118836	-20812343.05	0,1.82833e-06,4.51785e-06,8.47418e-06,1.4294e-05,2.28551e-05,3.54487e-05,5.39741e-05,8.12254e-05,0.000121313,0.000180282,0.000267026,0.00039463,0.000582337,0.000858457,0.00126464,0.00186214,0.00274107,0.004034,0.00593592,inf	2.98974,2.98974,21319.9,4870.13,3668.2,4053.24,4124.47,3209.58,2503.01,2236.68,2096.51,1872.8,1552.34,1213.81,915.302,688.711,577.534,657.63,218.216,218.216
0.0011995	-20811379.15	0,1.82833e-06,4.51785e-06,8.47418e-06,1.4294e-05,2.28551e-05,3.54487e-05,5.39741e-05,8.12254e-05,0.000121313,0.000180282,0.000267026,0.00039463,0.000582337,0.000858457,0.00126464,0.00186214,0.00274107,0.004034,0.00593592,inf	5.27772,5.27772,21536.8,4816.75,3673.75,4069.57,4132.63,3212.3,2506.06,2240.38,2099.26,1873.35,1551.01,1211.78,913.488,687.517,576.886,657.826,217.069,217.069
0.00121061	-20810428.44	0,1.82833e-06,4.51785e-06,8.47418e-06,1.4294e-05,2.28551e-05,3.54487e-05,5.39741e-05,8.12254e-05,0.000121313,0.000180282,0.000267026,0.00039463,0.000582337,0.000858457,0.00126464,0.00186214,0.00274107,0.004034,0.00593592,inf	9.36591,9.36591,21749.4,4764.17,3679.35,4085.7,4140.61,3214.98,2509.11,2244.07,2102,1873.88,1549.69,1209.77,911.695,686.346,576.255,658.034,215.935,215.935
0.0012217	-20809490.44	0,1.82833e-06,4.51785e-06,8.47418e-06,1.4294e-05,2.28551e-05,3.54487e-05,5.39741e-05,8.12254e-05,0.000121313,0.000180282,0.000267026,0.00039463,0.000582337,0.000858457,0.00126464,0.00186214,0.00274107,0.004034,0.00593592,inf	16.5884,16.5884,21956.7,4712.4,3684.99,4101.65,4148.41,3217.62,2512.16,2247.76,2104.72,1874.41,1548.37,1207.77,909.924,685.196,575.64,658.254,214.816,214.816
