0.000163463	-21763771.17	0,1.96005e-06,4.84333e-06,9.08469e-06,1.53238e-05,2.45017e-05,3.80026e-05,5.78626e-05,8.70772e-05,0.000130052,0.00019327,0.000286264,0.00042306,0.00062429,0.000920304,0.00135575,0.00199629,0.00293855,0.00432462,0.00636357,inf	1559.14,1559.14,2125.14,2198.87,2047.97,1834.75,1723.25,1657.53,1611.72,1588.1,1572.71,1555.52,1534.58,1505.94,1472.16,1434.69,1401.44,1378.32,1415.63,1415.63
0.000172043	-21750137.53	0,1.96005e-06,4.84333e-06,9.08469e-06,1.53238e-05,2.45017e-05,3.80026e-05,5.78626e-05,8.70772e-05,0.000130052,0.00019327,0.000286264,0.00042306,0.00062429,0.000920304,0.00135575,0.00199629,0.00293855,0.00432462,0.00636357,inf	1339.14,1339.14,2385.35,2602.08,2345.26,1969.08,1798.76,1700.29,1630.37,1596.98,1574.84,1545.97,1506.8,1450.45,1384.13,1314.31,1258.28,1228.06,1287.7,1287.7
0.000181347	-21739295.93	0,1.96005e-06,4.84333e-06,9.08469e-06,1.53238e-05,2.45017e-05,3.80026e-05,5.78626e-05,8.70772e-05,0.000130052,0.00019327,0.000286264,0.00042306,0.00062429,0.000920304,0.00135575,0.00199629,0.00293855,0.00432462,0.00636357,inf	1133.36,1133.36,2498.15,2867.9,2535.3,2037.74,1842.02,1729.07,1647.32,1612.4,1589.2,1553.24,1499.23,1417.86,1321.77,1224.01,1151.11,1119.7,1194.46,1194.46
0.000191131	-21730085.87	0,1.96005e-06,4.84333e-06,9.08469e-06,1.53238e-05,2.45017e-05,3.80026e-05,5.78626e-05,8.70772e-05,0.000130052,0.00019327,0.000286264,0.00042306,0.00062429,0.000920304,0.00135575,0.00199629,0.00293855,0.00432462,0.00636357,inf	986.52,986.52,2552.35,3056.87,2659.6,2068.4,1866,1747.38,1660.14,1628.12,1607.27,1567.63,1502.03,1398.73,1276.01,1154.06,1067.97,1037.63,1123.1,1123.1
0.000201248	-21721968.32	0,1.96005e-06,4.84333e-06,9.08469e-06,1.53238e-05,2.45017e-05,3.80026e-05,5.78626e-05,8.70772e-05,0.000130052,0.00019327,0.000286264,0.00042306,0.00062429,0.000920304,0.00135575,0.00199629,0.00293855,0.00432462,0.00636357,inf	892.843,892.843,2594.49,3208.33,2745.97,2079.09,1879.85,1759.03,1669.15,1642.09,1625.34,1584.41,1509.95,1387.75,1241.45,1098.46,1001.67,973.182,1066.37,1066.37
0.000211605	-21714651.98	0,1.96005e-06,4.84333e-06,9.08469e-06,1.53238e-05,2.45017e-05,3.80026e-05,5.78626e-05,8.70772e-05,0.000130052,0.00019327,0.000286264,0.00042306,0.00062429,0.000920304,0.00135575,0.00199629,0.00293855,0.00432462,0.00636357,inf	837.56,837.56,2644.38,3343.07,2810.19,2080.28,1889.1,1766.87,1675.37,1653.92,1641.97,1601.28,1520.17,1381.77,1214.66,1053.3,947.599,921.135,1019.88,1019.88
0.000222136	-21707959.04	0,1.96005e-06,4.84333e-06,9.08469e-06,1.53238e-05,2.45017e-05,3.80026e-05,5.78626e-05,8.70772e-05,0.000130052,0.00019327,0.000286264,0.00042306,0.00062429,0.000920304,0.00135575,0.00199629,0.00293855,0.00432462,0.00636357,inf	808.185,808.185,2708.69,3470.38,2860.48,2077.64,1896.83,1772.76,1679.78,1663.83,1656.73,1617.19,1531.11,1378.89,1193.41,1015.95,902.682,878.156,980.854,980.854
0.000232799	-21701770.92	0,1.96005e-06,4.84333e-06,9.08469e-06,1.53238e-05,2.45017e-05,3.80026e-05,5.78626e-05,8.70772e-05,0.000130052,0.00019327,0.000286264,0.00042306,0.00062429,0.000920304,0.00135575,0.00199629,0.00293855,0.00432462,0.00636357,inf	795.844,795.844,2788.74,3593.7,2900.93,2074.08,1904.65,1777.85,1683.15,1672.24,1669.67,1631.71,1541.94,1377.91,1176.21,984.547,864.778,842.012,947.414,947.414
0.00024356	-21696003.44	0,1.96005e-06,4.84333e-06,9.08469e-06,1.53238e-05,2.45017e-05,3.80026e-05,5.78626e-05,8.70772e-05,0.000130052,0.00019327,0.000286264,0.00042306,0.00062429,0.000920304,0.00135575,0.00199629,0.00293855,0.00432462,0.00636357,inf	794.558,794.558,2883.72,3713.57,2933.61,2071.06,1913.29,1782.8,1686.02,1679.53,1680.98,1644.76,1552.2,1378.05,1162.01,957.778,832.36,811.152,918.275,918.275
0.000254395	-21690594.01	0,1.96005e-06,4.84333e-06,9.08469e-06,1.53238e-05,2.45017e-05,3.80026e-05,5.78626e-05,8.70772e-05,0.000130052,0.00019327,0.000286264,0.00042306,0.00062429,0.000920304,0.00135575,0.00199629,0.00293855,0.00432462,0.00636357,inf	800.6,800.6,2992.19,3829.4,2959.63,2069.22,1923.01,1787.94,1688.73,1686.03,1690.9,1656.4,1561.69,1378.84,1150.08,934.673,804.307,784.461,892.512,892.512
0.000265287	-21685494.62	0,1.96005e-06,4.84333e-06,9.08469e-06,1.53238e-05,2.45017e-05,3.80026e-05,5.78626e-05,8.70772e-05,0.000130052,0.00019327,0.000286264,0.00042306,0.00062429,0.000920304,0.00135575,0.00199629,0.00293855,0.00432462,0.00636357,inf	811.487,811.487,3112.65,3940.17,2979.75,2068.83,1933.85,1793.45,1691.5,1691.97,1699.7,1666.73,1570.32,1379.94,1139.87,914.506,779.78,761.121,869.449,869.449
0.00027622	-21680667.30	0,1.96005e-06,4.84333e-06,9.08469e-06,1.53238e-05,2.45017e-05,3.80026e-05,5.78626e-05,8.70772e-05,0.000130052,0.00019327,0.000286264,0.00042306,0.00062429,0.000920304,0.00135575,0.00199629,0.00293855,0.00432462,0.00636357,inf	825.694,825.694,3243.73,4044.85,2994.56,2069.91,1945.72,1799.37,1694.48,1697.54,1707.56,1675.92,1578.1,1381.16,1130.99,896.726,758.141,740.516,848.578,848.578
0.000287186	-21676081.44	0,1.96005e-06,4.84333e-06,9.08469e-06,1.53238e-05,2.45017e-05,3.80026e-05,5.78626e-05,8.70772e-05,0.000130052,0.00019327,0.000286264,0.00042306,0.00062429,0.000920304,0.00135575,0.00199629,0.00293855,0.00432462,0.00636357,inf	842.27,842.27,3384.18,4142.7,3004.64,2072.42,1958.47,1805.7,1697.72,1702.88,1714.68,1684.1,1585.05,1382.35,1123.16,880.909,738.895,722.172,829.51,829.51
0.000298173	-21671711.83	0,1.96005e-06,4.84333e-06,9.08469e-06,1.53238e-05,2.45017e-05,3.80026e-05,5.78626e-05,8.70772e-05,0.000130052,0.00019327,0.000286264,0.00042306,0.00062429,0.000920304,0.00135575,0.00199629,0.00293855,0.00432462,0.00636357,inf	860.655,860.655,3532.91,4233.08,3010.58,2076.26,1971.96,1812.39,1701.24,1708.08,1721.2,1691.42,1591.24,1383.45,1116.16,866.724,721.655,705.724,811.945,811.945
0.000309177	-21667537.49	0,1.96005e-06,4.84333e-06,9.08469e-06,1.53238e-05,2.45017e-05,3.80026e-05,5.78626e-05,8.70772e-05,0.000130052,0.00019327,0.000286264,0.00042306,0.00062429,0.000920304,0.00135575,0.00199629,0.00293855,0.00432462,0.00636357,inf	880.522,880.522,3688.86,4315.65,3012.95,2081.31,1986.02,1819.38,1705.06,1713.2,1727.22,1697.98,1596.71,1384.39,1109.81,853.908,706.11,690.878,795.643,795.643
0.00032019	-21663540.60	0,1.96005e-06,4.84333e-06,9.08469e-06,1.53238e-05,2.45017e-05,3.80026e-05,5.78626e-05,8.70772e-05,0.000130052,0.00019327,0.000286264,0.00042306,0.00062429,0.000920304,0.00135575,0.00199629,0.00293855,0.00432462,0.00636357,inf	901.717,901.717,3851.27,4390.24,3012.32,2087.47,2000.52,1826.63,1709.15,1718.27,1732.86,1703.9,1601.55,1385.15,1104,842.253,692.013,677.402,780.414,780.414
0.000331208	-21659705.93	0,1.96005e-06,4.84333e-06,9.08469e-06,1.53238e-05,2.45017e-05,3.80026e-05,5.78626e-05,8.70772e-05,0.000130052,0.00019327,0.000286264,0.00042306,0.00062429,0.000920304,0.00135575,0.00199629,0.00293855,0.00432462,0.00636357,inf	924.159,924.159,4019.2,4456.83,3009.2,2094.62,2015.34,1834.08,1713.5,1723.33,1738.18,1709.27,1605.8,1385.72,1098.62,831.59,679.162,665.107,766.105,766.105
0.000342228	-21656020.29	0,1.96005e-06,4.84333e-06,9.08469e-06,1.53238e-05,2.45017e-05,3.80026e-05,5.78626e-05,8.70772e-05,0.000130052,0.00019327,0.000286264,0.00042306,0.00062429,0.000920304,0.00135575,0.00199629,0.00293855,0.00432462,0.00636357,inf	947.944,947.944,4191.88,4515.54,3004.09,2102.63,2030.36,1841.66,1718.07,1728.38,1743.24,1714.17,1609.54,1386.08,1093.6,821.781,667.392,653.838,752.59,752.59
0.000353246	-21652472.15	0,1.96005e-06,4.84333e-06,9.08469e-06,1.53238e-05,2.45017e-05,3.80026e-05,5.78626e-05,8.70772e-05,0.000130052,0.00019327,0.000286264,0.00042306,0.00062429,0.000920304,0.00135575,0.00199629,0.00293855,0.00432462,0.00636357,inf	973.1,973.1,4368.58,4566.51,2997.41,2111.42,2045.5,1849.35,1722.84,1733.45,1748.08,1718.66,1612.81,1386.25,1088.87,812.714,656.564,643.467,739.765,739.765
0.00036426	-21649051.38	0,1.96005e-06,4.84333e-06,9.08469e-06,1.53238e-05,2.45017e-05,3.80026e-05,5.78626e-05,8.70772e-05,0.000130052,0.00019327,0.000286264,0.00042306,0.00062429,0.000920304,0.00135575,0.00199629,0.00293855,0.00432462,0.00636357,inf	999.705,999.705,4548.64,4610.06,2989.55,2120.9,2060.66,1857.09,1727.78,1738.52,1752.76,1722.79,1615.67,1386.24,1084.39,804.295,646.566,633.887,727.545,727.545
0.000375266	-21645749.01	0,1.96005e-06,4.84333e-06,9.08469e-06,1.53238e-05,2.45017e-05,3.80026e-05,5.78626e-05,8.70772e-05,0.000130052,0.00019327,0.000286264,0.00042306,0.00062429,0.000920304,0.00135575,0.00199629,0.00293855,0.00432462,0.00636357,inf	1027.84,1027.84,4731.42,4646.58,2980.87,2130.99,2075.79,1864.85,1732.86,1743.61,1757.29,1726.63,1618.16,1386.04,1080.11,796.447,637.301,625.01,715.857,715.857
0.000386265	-21642557.04	0,1.96005e-06,4.84333e-06,9.08469e-06,1.53238e-05,2.45017e-05,3.80026e-05,5.78626e-05,8.70772e-05,0.000130052,0.00019327,0.000286264,0.00042306,0.00062429,0.000920304,0.00135575,0.00199629,0.00293855,0.00432462,0.00636357,inf	1057.73,1057.73,4916.25,4676.32,2971.62,2141.61,2090.82,1872.6,1738.07,1748.71,1761.7,1730.2,1620.32,1385.68,1076.02,789.105,628.687,616.757,704.64,704.64
0.000397253	-21639468.24	0,1.96005e-06,4.84333e-06,9.08469e-06,1.53238e-05,2.45017e-05,3.80026e-05,5.78626e-05,8.70772e-05,0.000130052,0.00019327,0.000286264,0.00042306,0.00062429,0.000920304,0.00135575,0.00199629,0.00293855,0.00432462,0.00636357,inf	1089.51,1089.51,5102.66,4699.69,2962.05,2152.7,2105.72,1880.32,1743.37,1753.82,1766.01,1733.54,1622.19,1385.16,1072.08,782.213,620.657,609.065,693.843,693.843
0.00040823	-21636476.15	0,1.96005e-06,4.84333e-06,9.08469e-06,1.53238e-05,2.45017e-05,3.80026e-05,5.78626e-05,8.70772e-05,0.000130052,0.00019327,0.000286264,0.00042306,0.00062429,0.000920304,0.00135575,0.00199629,0.00293855,0.00432462,0.00636357,inf	1123.21,1123.21,5290.04,4717.1,2952.4,2164.21,2120.44,1888,1748.75,1758.94,1770.23,1736.68,1623.79,1384.49,1068.28,775.725,613.149,601.878,683.421,683.421
0.000419195	-21633574.90	0,1.96005e-06,4.84333e-06,9.08469e-06,1.53238e-05,2.45017e-05,3.80026e-05,5.78626e-05,8.70772e-05,0.000130052,0.00019327,0.000286264,0.00042306,0.00062429,0.000920304,0.00135575,0.00199629,0.00293855,0.00432462,0.00636357,inf	1158.99,1158.99,5477.82,4728.95,2942.82,2176.07,2134.95,1895.6,1754.2,1764.06,1774.39,1739.65,1625.16,1383.69,1064.6,769.6,606.114,595.148,673.336,673.336
0.000430147	-21630759.14	0,1.96005e-06,4.84333e-06,9.08469e-06,1.53238e-05,2.45017e-05,3.80026e-05,5.78626e-05,8.70772e-05,0.000130052,0.00019327,0.000286264,0.00042306,0.00062429,0.000920304,0.00135575,0.00199629,0.00293855,0.00432462,0.00636357,inf	1196.93,1196.93,5665.39,4735.58,2933.45,2188.24,2149.24,1903.14,1759.69,1769.17,1778.48,1742.46,1626.32,1382.77,1061.02,763.805,599.508,588.833,663.556,663.556
0.000441085	-21628024.01	0,1.96005e-06,4.84333e-06,9.08469e-06,1.53238e-05,2.45017e-05,3.80026e-05,5.78626e-05,8.70772e-05,0.000130052,0.00019327,0.000286264,0.00042306,0.00062429,0.000920304,0.00135575,0.00199629,0.00293855,0.00432462,0.00636357,inf	1237.14,1237.14,5852.36,4737.44,2924.43,2200.69,2163.28,1910.58,1765.21,1774.28,1782.53,1745.14,1627.29,1381.73,1057.54,758.31,593.29,582.897,654.051,654.051
0.000452009	-21625365.06	0,1.96005e-06,4.84333e-06,9.08469e-06,1.53238e-05,2.45017e-05,3.80026e-05,5.78626e-05,8.70772e-05,0.000130052,0.00019327,0.000286264,0.00042306,0.00062429,0.000920304,0.00135575,0.00199629,0.00293855,0.00432462,0.00636357,inf	1279.69,1279.69,6038.23,4734.92,2915.8,2213.36,2177.06,1917.93,1770.75,1779.39,1786.52,1747.71,1628.09,1380.6,1054.15,753.089,587.429,577.307,644.796,644.796
0.000462917	-21622778.17	0,1.96005e-06,4.84333e-06,9.08469e-06,1.53238e-05,2.45017e-05,3.80026e-05,5.78626e-05,8.70772e-05,0.000130052,0.00019327,0.000286264,0.00042306,0.00062429,0.000920304,0.00135575,0.00199629,0.00293855,0.00432462,0.00636357,inf	1324.52,1324.52,6222.46,4728.4,2907.67,2226.22,2190.58,1925.18,1776.31,1784.49,1790.48,1750.16,1628.74,1379.37,1050.84,748.12,581.894,572.037,635.77,635.77
0.000473811	-21620259.57	0,1.96005e-06,4.84333e-06,9.08469e-06,1.53238e-05,2.45017e-05,3.80026e-05,5.78626e-05,8.70772e-05,0.000130052,0.00019327,0.000286264,0.00042306,0.00062429,0.000920304,0.00135575,0.00199629,0.00293855,0.00432462,0.00636357,inf	1371.78,1371.78,6404.72,4718.21,2900.09,2239.26,2203.82,1932.32,1781.86,1789.57,1794.4,1752.53,1629.25,1378.05,1047.61,743.383,576.66,567.061,626.954,626.954
0.000484689	-21617805.79	0,1.96005e-06,4.84333e-06,9.08469e-06,1.53238e-05,2.45017e-05,3.80026e-05,5.78626e-05,8.70772e-05,0.000130052,0.00019327,0.000286264,0.00042306,0.00062429,0.000920304,0.00135575,0.00199629,0.00293855,0.00432462,0.00636357,inf	1421.53,1421.53,6584.65,4704.77,2893.09,2252.42,2216.79,1939.37,1787.41,1794.64,1798.28,1754.81,1629.64,1376.67,1044.45,738.86,571.702,562.357,618.329,618.329
0.000495552	-21615413.61	0,1.96005e-06,4.84333e-06,9.08469e-06,1.53238e-05,2.45017e-05,3.80026e-05,5.78626e-05,8.70772e-05,0.000130052,0.00019327,0.000286264,0.00042306,0.00062429,0.000920304,0.00135575,0.00199629,0.00293855,0.00432462,0.00636357,inf	1473.68,1473.68,6761.78,4688.41,2886.72,2265.7,2229.47,1946.3,1792.95,1799.69,1802.14,1757.01,1629.92,1375.21,1041.35,734.537,567.001,557.906,609.882,609.882
0.000506399	-21613080.03	0,1.96005e-06,4.84333e-06,9.08469e-06,1.53238e-05,2.45017e-05,3.80026e-05,5.78626e-05,8.70772e-05,0.000130052,0.00019327,0.000286264,0.00042306,0.00062429,0.000920304,0.00135575,0.00199629,0.00293855,0.00432462,0.00636357,inf	1528.25,1528.25,6935.82,4669.43,2881,2279.07,2241.88,1953.13,1798.47,1804.73,1805.97,1759.15,1630.09,1373.69,1038.31,730.4,562.539,553.689,601.597,601.597
0.000517231	-21610802.27	0,1.96005e-06,4.84333e-06,9.08469e-06,1.53238e-05,2.45017e-05,3.80026e-05,5.78626e-05,8.70772e-05,0.000130052,0.00019327,0.000286264,0.00042306,0.00062429,0.000920304,0.00135575,0.00199629,0.00293855,0.00432462,0.00636357,inf	1585.28,1585.28,7106.41,4648.17,2875.93,2292.5,2254.02,1959.86,1803.96,1809.74,1809.78,1761.22,1630.18,1372.11,1035.34,726.436,558.299,549.693,593.465,593.465
0.000528047	-21608577.77	0,1.96005e-06,4.84333e-06,9.08469e-06,1.53238e-05,2.45017e-05,3.80026e-05,5.78626e-05,8.70772e-05,0.000130052,0.00019327,0.000286264,0.00042306,0.00062429,0.000920304,0.00135575,0.00199629,0.00293855,0.00432462,0.00636357,inf	1644.69,1644.69,7273.36,4624.95,2871.53,2305.99,2265.89,1966.48,1809.43,1814.74,1813.56,1763.24,1630.18,1370.49,1032.42,722.636,554.267,545.901,585.472,585.472
0.000538847	-21606404.07	0,1.96005e-06,4.84333e-06,9.08469e-06,1.53238e-05,2.45017e-05,3.80026e-05,5.78626e-05,8.70772e-05,0.000130052,0.00019327,0.000286264,0.00042306,0.00062429,0.000920304,0.00135575,0.00199629,0.00293855,0.00432462,0.00636357,inf	1706.51,1706.51,7436.39,4600,2867.8,2319.51,2277.49,1973,1814.87,1819.71,1817.32,1765.2,1630.1,1368.82,1029.56,718.99,550.428,542.302,577.611,577.611
0.000549632	-21604278.94	0,1.96005e-06,4.84333e-06,9.08469e-06,1.53238e-05,2.45017e-05,3.80026e-05,5.78626e-05,8.70772e-05,0.000130052,0.00019327,0.000286264,0.00042306,0.00062429,0.000920304,0.00135575,0.00199629,0.00293855,0.00432462,0.00636357,inf	1770.68,1770.68,7595.25,4573.62,2864.74,2333.05,2288.84,1979.41,1820.28,1824.66,1821.07,1767.12,1629.96,1367.11,1026.75,715.488,546.772,538.884,569.872,569.872
0.000560402	-21602200.26	0,1.96005e-06,4.84333e-06,9.08469e-06,1.53238e-05,2.45017e-05,3.80026e-05,5.78626e-05,8.70772e-05,0.000130052,0.00019327,0.000286264,0.00042306,0.00062429,0.000920304,0.00135575,0.00199629,0.00293855,0.00432462,0.00636357,inf	1837.28,1837.28,7749.79,4546.1,2862.34,2346.59,2299.93,1985.73,1825.65,1829.58,1824.79,1768.99,1629.75,1365.37,1024,712.123,543.287,535.637,562.246,562.246
0.000571156	-21600166.05	0,1.96005e-06,4.84333e-06,9.08469e-06,1.53238e-05,2.45017e-05,3.80026e-05,5.78626e-05,8.70772e-05,0.000130052,0.00019327,0.000286264,0.00042306,0.00062429,0.000920304,0.00135575,0.00199629,0.00293855,0.00432462,0.00636357,inf	1906.2,1906.2,7899.79,4517.58,2860.58,2360.12,2310.76,1991.94,1830.98,1834.48,1828.49,1770.83,1629.49,1363.6,1021.3,708.889,539.964,532.552,554.728,554.728
0.000581897	-21598174.45	0,1.96005e-06,4.84333e-06,9.08469e-06,1.53238e-05,2.45017e-05,3.80026e-05,5.78626e-05,8.70772e-05,0.000130052,0.00019327,0.000286264,0.00042306,0.00062429,0.000920304,0.00135575,0.00199629,0.00293855,0.00432462,0.00636357,inf	1977.49,1977.49,8045.15,4488.3,2859.47,2373.63,2321.35,1998.06,1836.27,1839.36,1832.17,1772.62,1629.17,1361.8,1018.64,705.778,536.794,529.619,547.311,547.311
0.000592622	-21596223.72	0,1.96005e-06,4.84333e-06,9.08469e-06,1.53238e-05,2.45017e-05,3.80026e-05,5.78626e-05,8.70772e-05,0.000130052,0.00019327,0.000286264,0.00042306,0.00062429,0.000920304,0.00135575,0.00199629,0.00293855,0.00432462,0.00636357,inf	2051.01,2051.01,8185.79,4458.46,2858.99,2387.11,2331.71,2004.08,1841.53,1844.21,1835.83,1774.37,1628.8,1359.98,1016.04,702.785,533.769,526.83,539.988,539.988
0.000603334	-21594312.19	0,1.96005e-06,4.84333e-06,9.08469e-06,1.53238e-05,2.45017e-05,3.80026e-05,5.78626e-05,8.70772e-05,0.000130052,0.00019327,0.000286264,0.00042306,0.00062429,0.000920304,0.00135575,0.00199629,0.00293855,0.00432462,0.00636357,inf	2126.84,2126.84,8321.54,4428.25,2859.12,2400.54,2341.83,2010.01,1846.74,1849.04,1839.48,1776.1,1628.39,1358.14,1013.49,699.905,530.881,524.18,532.755,532.755
0.000614032	-21592438.31	0,1.96005e-06,4.84333e-06,9.08469e-06,1.53238e-05,2.45017e-05,3.80026e-05,5.78626e-05,8.70772e-05,0.000130052,0.00019327,0.000286264,0.00042306,0.00062429,0.000920304,0.00135575,0.00199629,0.00293855,0.00432462,0.00636357,inf	2204.82,2204.82,8452.3,4397.82,2859.84,2413.93,2351.73,2015.85,1851.91,1853.84,1843.1,1777.78,1627.94,1356.28,1010.98,697.132,528.123,521.661,525.606,525.606
0.000624717	-21590600.64	0,1.96005e-06,4.84333e-06,9.08469e-06,1.53238e-05,2.45017e-05,3.80026e-05,5.78626e-05,8.70772e-05,0.000130052,0.00019327,0.000286264,0.00042306,0.00062429,0.000920304,0.00135575,0.00199629,0.00293855,0.00432462,0.00636357,inf	2285,2285,8578.1,4367.33,2861.16,2427.26,2361.41,2021.6,1857.04,1858.61,1846.71,1779.44,1627.45,1354.41,1008.52,694.463,525.491,519.268,518.537,518.537
0.000635389	-21588797.76	0,1.96005e-06,4.84333e-06,9.08469e-06,1.53238e-05,2.45017e-05,3.80026e-05,5.78626e-05,8.70772e-05,0.000130052,0.00019327,0.000286264,0.00042306,0.00062429,0.000920304,0.00135575,0.00199629,0.00293855,0.00432462,0.00636357,inf	2367.32,2367.32,8698.85,4336.87,2863.04,2440.52,2370.88,2027.26,1862.13,1863.36,1850.3,1781.07,1626.92,1352.53,1006.11,691.893,522.976,516.994,511.545,511.545
0.000646049	-21587028.36	0,1.96005e-06,4.84333e-06,9.08469e-06,1.53238e-05,2.45017e-05,3.80026e-05,5.78626e-05,8.70772e-05,0.000130052,0.00019327,0.000286264,0.00042306,0.00062429,0.000920304,0.00135575,0.00199629,0.00293855,0.00432462,0.00636357,inf	2451.75,2451.75,8814.53,4306.63,2865.48,2453.71,2380.15,2032.84,1867.17,1868.09,1853.87,1782.67,1626.36,1350.64,1003.74,689.419,520.576,514.834,504.626,504.626
0.000656698	-21585291.22	0,1.96005e-06,4.84333e-06,9.08469e-06,1.53238e-05,2.45017e-05,3.80026e-05,5.78626e-05,8.70772e-05,0.000130052,0.00019327,0.000286264,0.00042306,0.00062429,0.000920304,0.00135575,0.00199629,0.00293855,0.00432462,0.00636357,inf	2538.15,2538.15,8925.13,4276.66,2868.45,2466.83,2389.21,2038.34,1872.17,1872.79,1857.43,1784.24,1625.77,1348.74,1001.42,687.037,518.284,512.785,497.776,497.776
0.000667335	-21583585.14	0,1.96005e-06,4.84333e-06,9.08469e-06,1.53238e-05,2.45017e-05,3.80026e-05,5.78626e-05,8.70772e-05,0.000130052,0.00019327,0.000286264,0.00042306,0.00062429,0.000920304,0.00135575,0.00199629,0.00293855,0.00432462,0.00636357,inf	2626.51,2626.51,9030.69,4247.07,2871.94,2479.85,2398.08,2043.76,1877.13,1877.47,1860.97,1785.79,1625.15,1346.84,999.142,684.744,516.097,510.842,490.992,490.992
0.000677962	-21581909.02	0,1.96005e-06,4.84333e-06,9.08469e-06,1.53238e-05,2.45017e-05,3.80026e-05,5.78626e-05,8.70772e-05,0.000130052,0.00019327,0.000286264,0.00042306,0.00062429,0.000920304,0.00135575,0.00199629,0.00293855,0.00432462,0.00636357,inf	2716.78,2716.78,9131.33,4217.95,2875.93,2492.79,2406.77,2049.09,1882.05,1882.12,1864.49,1787.31,1624.51,1344.93,996.911,682.537,514.01,509,484.272,484.272
0.000688578	-21580261.79	0,1.96005e-06,4.84333e-06,9.08469e-06,1.53238e-05,2.45017e-05,3.80026e-05,5.78626e-05,8.70772e-05,0.000130052,0.00019327,0.000286264,0.00042306,0.00062429,0.000920304,0.00135575,0.00199629,0.00293855,0.00432462,0.00636357,inf	2808.78,2808.78,9226.97,4189.36,2880.4,2505.64,2415.27,2054.36,1886.92,1886.75,1867.99,1788.8,1623.84,1343.03,994.724,680.414,512.019,507.257,477.614,477.614
0.000699186	-21578642.46	0,1.96005e-06,4.84333e-06,9.08469e-06,1.53238e-05,2.45017e-05,3.80026e-05,5.78626e-05,8.70772e-05,0.000130052,0.00019327,0.000286264,0.00042306,0.00062429,0.000920304,0.00135575,0.00199629,0.00293855,0.00432462,0.00636357,inf	2902.53,2902.53,9317.76,4161.39,2885.35,2518.39,2423.6,2059.54,1891.75,1891.35,1871.47,1790.27,1623.14,1341.12,992.582,678.371,510.122,505.608,471.015,471.015
0.000709785	-21577050.08	0,1.96005e-06,4.84333e-06,9.08469e-06,1.53238e-05,2.45017e-05,3.80026e-05,5.78626e-05,8.70772e-05,0.000130052,0.00019327,0.000286264,0.00042306,0.00062429,0.000920304,0.00135575,0.00199629,0.00293855,0.00432462,0.00636357,inf	2997.85,2997.85,9403.76,4134.05,2890.73,2531.04,2431.75,2064.66,1896.55,1895.93,1874.94,1791.71,1622.43,1339.22,990.483,676.408,508.315,504.052,464.473,464.473
0.000720377	-21575483.73	0,1.96005e-06,4.84333e-06,9.08469e-06,1.53238e-05,2.45017e-05,3.80026e-05,5.78626e-05,8.70772e-05,0.000130052,0.00019327,0.000286264,0.00042306,0.00062429,0.000920304,0.00135575,0.00199629,0.00293855,0.00432462,0.00636357,inf	3094.71,3094.71,9485.09,4107.43,2896.56,2543.6,2439.75,2069.71,1901.3,1900.49,1878.39,1793.13,1621.69,1337.32,988.429,674.521,506.594,502.585,457.986,457.986
0.000730961	-21573942.56	0,1.96005e-06,4.84333e-06,9.08469e-06,1.53238e-05,2.45017e-05,3.80026e-05,5.78626e-05,8.70772e-05,0.000130052,0.00019327,0.000286264,0.00042306,0.00062429,0.000920304,0.00135575,0.00199629,0.00293855,0.00432462,0.00636357,inf	3192.99,3192.99,9561.84,4081.55,2902.81,2556.04,2447.58,2074.69,1906.02,1905.02,1881.82,1794.52,1620.94,1335.42,986.417,672.708,504.958,501.204,451.554,451.554
0.00074154	-21572425.75	0,1.96005e-06,4.84333e-06,9.08469e-06,1.53238e-05,2.45017e-05,3.80026e-05,5.78626e-05,8.70772e-05,0.000130052,0.00019327,0.000286264,0.00042306,0.00062429,0.000920304,0.00135575,0.00199629,0.00293855,0.00432462,0.00636357,inf	3292.48,3292.48,9634.16,4056.44,2909.47,2568.38,2455.25,2079.6,1910.69,1909.53,1885.23,1795.9,1620.16,1333.53,984.449,670.968,503.403,499.907,445.175,445.175
0.000752113	-21570932.54	0,1.96005e-06,4.84333e-06,9.08469e-06,1.53238e-05,2.45017e-05,3.80026e-05,5.78626e-05,8.70772e-05,0.000130052,0.00019327,0.000286264,0.00042306,0.00062429,0.000920304,0.00135575,0.00199629,0.00293855,0.00432462,0.00636357,inf	3393.12,3393.12,9702.11,4032.11,2916.52,2580.61,2462.78,2084.45,1915.33,1914.02,1888.62,1797.25,1619.37,1331.64,982.523,669.299,501.928,498.691,438.847,438.847
0.000762681	-21569462.19	0,1.96005e-06,4.84333e-06,9.08469e-06,1.53238e-05,2.45017e-05,3.80026e-05,5.78626e-05,8.70772e-05,0.000130052,0.00019327,0.000286264,0.00042306,0.00062429,0.000920304,0.00135575,0.00199629,0.00293855,0.00432462,0.00636357,inf	3494.77,3494.77,9765.91,4008.61,2923.94,2592.71,2470.17,2089.24,1919.93,1918.49,1891.99,1798.57,1618.56,1329.77,980.64,667.7,500.529,497.556,432.57,432.57
0.000773246	-21568014.00	0,1.96005e-06,4.84333e-06,9.08469e-06,1.53238e-05,2.45017e-05,3.80026e-05,5.78626e-05,8.70772e-05,0.000130052,0.00019327,0.000286264,0.00042306,0.00062429,0.000920304,0.00135575,0.00199629,0.00293855,0.00432462,0.00636357,inf	3597.3,3597.3,9825.7,3985.94,2931.73,2604.71,2477.41,2093.96,1924.5,1922.93,1895.35,1799.87,1617.74,1327.9,978.8,666.169,499.206,496.499,426.342,426.342
0.000783807	-21566587.32	0,1.96005e-06,4.84333e-06,9.08469e-06,1.53238e-05,2.45017e-05,3.80026e-05,5.78626e-05,8.70772e-05,0.000130052,0.00019327,0.000286264,0.00042306,0.00062429,0.000920304,0.00135575,0.00199629,0.00293855,0.00432462,0.00636357,inf	3700.62,3700.62,9881.61,3964.11,2939.86,2616.59,2484.52,2098.63,1929.03,1927.35,1898.68,1801.15,1616.9,1326.04,977.001,664.703,497.956,495.517,420.164,420.164
0.000794367	-21565181.52	0,1.96005e-06,4.84333e-06,9.08469e-06,1.53238e-05,2.45017e-05,3.80026e-05,5.78626e-05,8.70772e-05,0.000130052,0.00019327,0.000286264,0.00042306,0.00062429,0.000920304,0.00135575,0.00199629,0.00293855,0.00432462,0.00636357,inf	3804.64,3804.64,9933.9,3943.15,2948.32,2628.37,2491.5,2103.24,1933.53,1931.76,1902,1802.41,1616.05,1324.19,975.245,663.304,496.777,494.611,414.035,414.035
