0.000171126	-22998081.41	0,2.03198e-06,5.02106e-06,9.41806e-06,1.58861e-05,2.54008e-05,3.93971e-05,5.99859e-05,9.02725e-05,0.000134825,0.000200362,0.000296769,0.000438585,0.000647199,0.000954075,0.0014055,0.00206955,0.00304638,0.00448332,0.00659708,inf	794.411,794.411,1463.27,1699.1,1776.61,1721.12,1647.41,1600.07,1571.95,1558.49,1552.44,1541.66,1517.17,1478.51,1436.14,1397.15,1370.46,1379.25,1482.32,1482.32
0.000181257	-22985180.00	0,2.03198e-06,5.02106e-06,9.41806e-06,1.58861e-05,2.54008e-05,3.93971e-05,5.99859e-05,9.02725e-05,0.000134825,0.000200362,0.000296769,0.000438585,0.000647199,0.000954075,0.0014055,0.00206955,0.00304638,0.00448332,0.00659708,inf	415.713,415.713,1368.42,1793.65,1944.89,1842.02,1712.87,1634.95,1591.46,1574.16,1569.32,1553.48,1509.14,1436.46,1356.97,1286.11,1242.18,1261.32,1427.87,1427.87
0.000191915	-22974253.40	0,2.03198e-06,5.02106e-06,9.41806e-06,1.58861e-05,2.54008e-05,3.93971e-05,5.99859e-05,9.02725e-05,0.000134825,0.000200362,0.000296769,0.000438585,0.000647199,0.000954075,0.0014055,0.00206955,0.00304638,0.00448332,0.00659708,inf	225.445,225.445,1290.26,1861.23,2073.07,1925.95,1753.67,1655.45,1603.89,1588.2,1588.86,1572,1511.79,1409.4,1297.56,1200.16,1144.15,1173.24,1382.08,1382.08
0.000202945	-22964677.04	0,2.03198e-06,5.02106e-06,9.41806e-06,1.58861e-05,2.54008e-05,3.93971e-05,5.99859e-05,9.02725e-05,0.000134825,0.000200362,0.000296769,0.000438585,0.000647199,0.000954075,0.0014055,0.00206955,0.00304638,0.00448332,0.00659708,inf	127.698,127.698,1237.31,1921.52,2178.52,1987.09,1779.45,1666.87,1611.04,1599.65,1608.01,1592.77,1519.92,1391.67,1251.64,1131.83,1066.81,1104.87,1343.6,1343.6
0.000214244	-22956094.16	0,2.03198e-06,5.02106e-06,9.41806e-06,1.58861e-05,2.54008e-05,3.93971e-05,5.99859e-05,9.02725e-05,0.000134825,0.000200362,0.000296769,0.000438585,0.000647199,0.000954075,0.0014055,0.00206955,0.00304638,0.00448332,0.00659708,inf	75.7131,75.7131,1209.29,1984.17,2271.72,2034.61,1796.67,1673.06,1614.76,1608.71,1625.62,1613.56,1530.62,1379.89,1215.22,1076.28,1004.2,1050.14,1311.01,1311.01
0.000225741	-22948281.99	0,2.03198e-06,5.02106e-06,9.41806e-06,1.58861e-05,2.54008e-05,3.93971e-05,5.99859e-05,9.02725e-05,0.000134825,0.000200362,0.000296769,0.000438585,0.000647199,0.000954075,0.0014055,0.00206955,0.00304638,0.00448332,0.00659708,inf	46.8992,46.8992,1203.04,2052.84,2358.05,2073.92,1809.24,1676.5,1616.45,1615.89,1641.38,1633.3,1542.23,1371.93,1185.66,1030.24,952.435,1005.24,1283.08,1283.08
0.000237385	-22941091.11	0,2.03198e-06,5.02106e-06,9.41806e-06,1.58861e-05,2.54008e-05,3.93971e-05,5.99859e-05,9.02725e-05,0.000134825,0.000200362,0.000296769,0.000438585,0.000647199,0.000954075,0.0014055,0.00206955,0.00304638,0.00448332,0.00659708,inf	30.2804,30.2804,1215.04,2128.14,2439.89,2108,1819.37,1678.68,1617.09,1621.71,1655.34,1651.54,1553.84,1366.45,1161.19,991.43,908.86,967.645,1258.87,1258.87
0.00024914	-22934415.68	0,2.03198e-06,5.02106e-06,9.41806e-06,1.58861e-05,2.54008e-05,3.93971e-05,5.99859e-05,9.02725e-05,0.000134825,0.000200362,0.000296769,0.000438585,0.000647199,0.000954075,0.0014055,0.00206955,0.00304638,0.00448332,0.00659708,inf	20.3151,20.3151,1242.32,2209.29,2518.02,2138.48,1828.31,1680.48,1617.32,1626.61,1667.71,1668.16,1564.94,1362.57,1140.54,958.232,871.619,935.627,1237.61,1237.61
0.000260978	-22928177.45	0,2.03198e-06,5.02106e-06,9.41806e-06,1.58861e-05,2.54008e-05,3.93971e-05,5.99859e-05,9.02725e-05,0.000134825,0.000200362,0.000296769,0.000438585,0.000647199,0.000954075,0.0014055,0.00206955,0.00304638,0.00448332,0.00659708,inf	14.1111,14.1111,1282.57,2294.93,2592.49,2166.21,1836.73,1682.38,1617.53,1630.93,1678.74,1683.19,1575.28,1359.72,1122.83,929.464,839.372,907.957,1218.74,1218.74
0.000272879	-22922316.62	0,2.03198e-06,5.02106e-06,9.41806e-06,1.58861e-05,2.54008e-05,3.93971e-05,5.99859e-05,9.02725e-05,0.000134825,0.000200362,0.000296769,0.000438585,0.000647199,0.000954075,0.0014055,0.00206955,0.00304638,0.00448332,0.00659708,inf	10.1264,10.1264,1334.04,2383.63,2663.11,2191.66,1844.97,1684.61,1617.97,1634.91,1688.64,1696.73,1584.74,1357.52,1107.4,904.245,811.129,883.743,1201.82,1201.82
0.000284825	-22916786.17	0,2.03198e-06,5.02106e-06,9.41806e-06,1.58861e-05,2.54008e-05,3.93971e-05,5.99859e-05,9.02725e-05,0.000134825,0.000200362,0.000296769,0.000438585,0.000647199,0.000954075,0.0014055,0.00206955,0.00304638,0.00448332,0.00659708,inf	7.50292,7.50292,1395.49,2474.04,2729.62,2215.13,1853.19,1687.29,1618.77,1638.73,1697.65,1708.95,1593.31,1355.71,1093.79,881.911,786.146,862.322,1186.49,1186.49
0.000296805	-22911548.26	0,2.03198e-06,5.02106e-06,9.41806e-06,1.58861e-05,2.54008e-05,3.93971e-05,5.99859e-05,9.02725e-05,0.000134825,0.000200362,0.000296769,0.000438585,0.000647199,0.000954075,0.0014055,0.00206955,0.00304638,0.00448332,0.00659708,inf	5.71936,5.71936,1465.95,2564.94,2791.82,2236.79,1861.47,1690.44,1620,1642.5,1705.91,1719.97,1601,1354.14,1081.62,861.951,763.85,843.189,1172.5,1172.5
0.000308808	-22906571.87	0,2.03198e-06,5.02106e-06,9.41806e-06,1.58861e-05,2.54008e-05,3.93971e-05,5.99859e-05,9.02725e-05,0.000134825,0.000200362,0.000296769,0.000438585,0.000647199,0.000954075,0.0014055,0.00206955,0.00304638,0.00448332,0.00659708,inf	4.48278,4.48278,1544.74,2655.3,2849.68,2256.82,1869.83,1694.08,1621.69,1646.32,1713.57,1729.96,1607.86,1352.67,1070.63,843.965,743.796,825.957,1159.61,1159.61
0.000320825	-22901831.19	0,2.03198e-06,5.02106e-06,9.41806e-06,1.58861e-05,2.54008e-05,3.93971e-05,5.99859e-05,9.02725e-05,0.000134825,0.000200362,0.000296769,0.000438585,0.000647199,0.000954075,0.0014055,0.00206955,0.00304638,0.00448332,0.00659708,inf	3.58874,3.58874,1631.26,2744.36,2903.19,2275.32,1878.26,1698.15,1623.83,1650.23,1720.76,1739.02,1613.95,1351.25,1060.61,827.641,725.634,810.32,1147.67,1147.67
0.000332851	-22897304.35	0,2.03198e-06,5.02106e-06,9.41806e-06,1.58861e-05,2.54008e-05,3.93971e-05,5.99859e-05,9.02725e-05,0.000134825,0.000200362,0.000296769,0.000438585,0.000647199,0.000954075,0.0014055,0.00206955,0.00304638,0.00448332,0.00659708,inf	2.94275,2.94275,1725.02,2831.41,2952.43,2292.43,1886.77,1702.64,1626.4,1654.26,1727.54,1747.28,1619.34,1349.81,1051.39,812.726,709.081,796.036,1136.53,1136.53
0.000344879	-22892972.68	0,2.03198e-06,5.02106e-06,9.41806e-06,1.58861e-05,2.54008e-05,3.93971e-05,5.99859e-05,9.02725e-05,0.000134825,0.000200362,0.000296769,0.000438585,0.000647199,0.000954075,0.0014055,0.00206955,0.00304638,0.00448332,0.00659708,inf	2.45279,2.45279,1825.57,2915.9,2997.58,2308.28,1895.33,1707.48,1629.38,1658.42,1734.01,1754.84,1624.09,1348.33,1042.83,799.019,693.912,782.91,1126.08,1126.08
0.000356905	-22888820.05	0,2.03198e-06,5.02106e-06,9.41806e-06,1.58861e-05,2.54008e-05,3.93971e-05,5.99859e-05,9.02725e-05,0.000134825,0.000200362,0.000296769,0.000438585,0.000647199,0.000954075,0.0014055,0.00206955,0.00304638,0.00448332,0.00659708,inf	2.0892,2.0892,1932.46,2997.46,3038.8,2322.98,1903.92,1712.63,1632.72,1662.72,1740.22,1761.78,1628.26,1346.79,1034.85,786.356,679.939,770.785,1116.22,1116.22
0.000368925	-22884832.40	0,2.03198e-06,5.02106e-06,9.41806e-06,1.58861e-05,2.54008e-05,3.93971e-05,5.99859e-05,9.02725e-05,0.000134825,0.000200362,0.000296769,0.000438585,0.000647199,0.000954075,0.0014055,0.00206955,0.00304638,0.00448332,0.00659708,inf	1.81919,1.81919,2045.3,3075.83,3076.34,2336.62,1912.53,1718.05,1636.41,1667.15,1746.2,1768.18,1631.91,1345.18,1027.35,774.6,667.011,759.529,1106.88,1106.88
0.000380936	-22880997.35	0,2.03198e-06,5.02106e-06,9.41806e-06,1.58861e-05,2.54008e-05,3.93971e-05,5.99859e-05,9.02725e-05,0.000134825,0.000200362,0.000296769,0.000438585,0.000647199,0.000954075,0.0014055,0.00206955,0.00304638,0.00448332,0.00659708,inf	1.61967,1.61967,2163.75,3150.81,3110.41,2349.33,1921.13,1723.71,1640.4,1671.72,1752,1774.1,1635.08,1343.49,1020.27,763.639,654.998,749.035,1098,1098
0.000392935	-22877303.97	0,2.03198e-06,5.02106e-06,9.41806e-06,1.58861e-05,2.54008e-05,3.93971e-05,5.99859e-05,9.02725e-05,0.000134825,0.000200362,0.000296769,0.000438585,0.000647199,0.000954075,0.0014055,0.00206955,0.00304638,0.00448332,0.00659708,inf	1.54539,1.54539,2287.35,3222.26,3141.27,2361.18,1929.72,1729.57,1644.67,1676.4,1757.64,1779.61,1637.84,1341.73,1013.56,753.381,643.795,739.213,1089.51,1089.51
0.00040492	-22873742.54	0,2.03198e-06,5.02106e-06,9.41806e-06,1.58861e-05,2.54008e-05,3.93971e-05,5.99859e-05,9.02725e-05,0.000134825,0.000200362,0.000296769,0.000438585,0.000647199,0.000954075,0.0014055,0.00206955,0.00304638,0.00448332,0.00659708,inf	1.54539,1.54539,2415.73,3290.09,3169.13,2372.27,1938.27,1735.6,1649.18,1681.2,1763.15,1784.74,1640.22,1339.89,1007.16,743.745,633.312,729.987,1081.39,1081.39
0.000416889	-22870304.37	0,2.03198e-06,5.02106e-06,9.41806e-06,1.58861e-05,2.54008e-05,3.93971e-05,5.99859e-05,9.02725e-05,0.000134825,0.000200362,0.000296769,0.000438585,0.000647199,0.000954075,0.0014055,0.00206955,0.00304638,0.00448332,0.00659708,inf	1.54539,1.54539,2548.57,3354.34,3194.22,2382.68,1946.77,1741.77,1653.9,1686.1,1768.55,1789.53,1642.25,1337.98,1001.05,734.665,623.47,721.292,1073.59,1073.59
0.000428839	-22866981.61	0,2.03198e-06,5.02106e-06,9.41806e-06,1.58861e-05,2.54008e-05,3.93971e-05,5.99859e-05,9.02725e-05,0.000134825,0.000200362,0.000296769,0.000438585,0.000647199,0.000954075,0.0014055,0.00206955,0.00304638,0.00448332,0.00659708,inf	1.54539,1.54539,2685.4,3414.94,3216.76,2392.49,1955.23,1748.05,1658.8,1691.09,1773.84,1794.04,1643.98,1336.01,995.194,726.084,614.205,713.074,1066.07,1066.07
0.000440771	-22863767.15	0,2.03198e-06,5.02106e-06,9.41806e-06,1.58861e-05,2.54008e-05,3.93971e-05,5.99859e-05,9.02725e-05,0.000134825,0.000200362,0.000296769,0.000438585,0.000647199,0.000954075,0.0014055,0.00206955,0.00304638,0.00448332,0.00659708,inf	1.54539,1.54539,2825.93,3472,3236.95,2401.76,1963.62,1754.44,1663.88,1696.15,1779.05,1798.27,1645.43,1333.98,989.562,717.952,605.459,705.284,1058.81,1058.81
0.000452682	-22860654.63	0,2.03198e-06,5.02106e-06,9.41806e-06,1.58861e-05,2.54008e-05,3.93971e-05,5.99859e-05,9.02725e-05,0.000134825,0.000200362,0.000296769,0.000438585,0.000647199,0.000954075,0.0014055,0.00206955,0.00304638,0.00448332,0.00659708,inf	1.54539,1.54539,2970,3525.6,3254.99,2410.56,1971.95,1760.9,1669.09,1701.29,1784.18,1802.27,1646.64,1331.9,984.134,710.229,597.184,697.882,1051.79,1051.79
0.000464571	-22857638.17	0,2.03198e-06,5.02106e-06,9.41806e-06,1.58861e-05,2.54008e-05,3.93971e-05,5.99859e-05,9.02725e-05,0.000134825,0.000200362,0.000296769,0.000438585,0.000647199,0.000954075,0.0014055,0.00206955,0.00304638,0.00448332,0.00659708,inf	1.54539,1.54539,3117.28,3575.7,3271.05,2418.93,1980.21,1767.42,1674.43,1706.48,1789.24,1806.06,1647.63,1329.76,978.893,702.876,589.336,690.832,1044.99,1044.99
0.000476438	-22854712.43	0,2.03198e-06,5.02106e-06,9.41806e-06,1.58861e-05,2.54008e-05,3.93971e-05,5.99859e-05,9.02725e-05,0.000134825,0.000200362,0.000296769,0.000438585,0.000647199,0.000954075,0.0014055,0.00206955,0.00304638,0.00448332,0.00659708,inf	1.54539,1.54539,3267.44,3622.42,3285.28,2426.94,1988.39,1773.99,1679.87,1711.72,1794.23,1809.65,1648.41,1327.58,973.821,695.861,581.878,684.104,1038.38,1038.38
0.000488281	-22851872.56	0,2.03198e-06,5.02106e-06,9.41806e-06,1.58861e-05,2.54008e-05,3.93971e-05,5.99859e-05,9.02725e-05,0.000134825,0.000200362,0.000296769,0.000438585,0.000647199,0.000954075,0.0014055,0.00206955,0.00304638,0.00448332,0.00659708,inf	1.54539,1.54539,3420.27,3665.83,3297.85,2434.63,1996.5,1780.6,1685.4,1717.01,1799.15,1813.06,1649.01,1325.36,968.906,689.157,574.778,677.67,1031.95,1031.95
0.0005001	-22849114.06	0,2.03198e-06,5.02106e-06,9.41806e-06,1.58861e-05,2.54008e-05,3.93971e-05,5.99859e-05,9.02725e-05,0.000134825,0.000200362,0.000296769,0.000438585,0.000647199,0.000954075,0.0014055,0.00206955,0.00304638,0.00448332,0.00659708,inf	1.54539,1.54539,3575.58,3706.01,3308.9,2442.03,2004.54,1787.23,1691.01,1722.33,1804.03,1816.32,1649.45,1323.11,964.135,682.74,568.005,671.505,1025.69,1025.69
0.000511894	-22846432.76	0,2.03198e-06,5.02106e-06,9.41806e-06,1.58861e-05,2.54008e-05,3.93971e-05,5.99859e-05,9.02725e-05,0.000134825,0.000200362,0.000296769,0.000438585,0.000647199,0.000954075,0.0014055,0.00206955,0.00304638,0.00448332,0.00659708,inf	1.54539,1.54539,3733.13,3743.04,3318.57,2449.18,2012.48,1793.88,1696.68,1727.67,1808.85,1819.43,1649.75,1320.83,959.497,676.586,561.534,665.589,1019.59,1019.59
0.000523662	-22843824.87	0,2.03198e-06,5.02106e-06,9.41806e-06,1.58861e-05,2.54008e-05,3.93971e-05,5.99859e-05,9.02725e-05,0.000134825,0.000200362,0.000296769,0.000438585,0.000647199,0.000954075,0.0014055,0.00206955,0.00304638,0.00448332,0.00659708,inf	1.54539,1.54539,3892.68,3776.99,3326.94,2456.11,2020.35,1800.54,1702.4,1733.04,1813.62,1822.4,1649.91,1318.52,954.986,670.676,555.343,659.904,1013.63,1013.63
0.000535405	-22841286.84	0,2.03198e-06,5.02106e-06,9.41806e-06,1.58861e-05,2.54008e-05,3.93971e-05,5.99859e-05,9.02725e-05,0.000134825,0.000200362,0.000296769,0.000438585,0.000647199,0.000954075,0.0014055,0.00206955,0.00304638,0.00448332,0.00659708,inf	1.54539,1.54539,4054.11,3808.01,3334.18,2462.86,2028.14,1807.2,1708.16,1738.43,1818.34,1825.25,1649.95,1316.2,950.591,664.993,549.41,654.43,1007.81,1007.81
0.000547121	-22838815.40	0,2.03198e-06,5.02106e-06,9.41806e-06,1.58861e-05,2.54008e-05,3.93971e-05,5.99859e-05,9.02725e-05,0.000134825,0.000200362,0.000296769,0.000438585,0.000647199,0.000954075,0.0014055,0.00206955,0.00304638,0.00448332,0.00659708,inf	1.54539,1.54539,4217.27,3836.16,3340.37,2469.45,2035.85,1813.86,1713.96,1743.83,1823.01,1827.99,1649.88,1313.85,946.306,659.522,543.716,649.155,1002.11,1002.11
0.000558811	-22836407.48	0,2.03198e-06,5.02106e-06,9.41806e-06,1.58861e-05,2.54008e-05,3.93971e-05,5.99859e-05,9.02725e-05,0.000134825,0.000200362,0.000296769,0.000438585,0.000647199,0.000954075,0.0014055,0.00206955,0.00304638,0.00448332,0.00659708,inf	1.54539,1.54539,4381.92,3861.51,3345.61,2475.9,2043.49,1820.5,1719.78,1749.23,1827.64,1830.62,1649.71,1311.5,942.125,654.248,538.247,644.064,996.538,996.538
0.000570473	-22834060.22	0,2.03198e-06,5.02106e-06,9.41806e-06,1.58861e-05,2.54008e-05,3.93971e-05,5.99859e-05,9.02725e-05,0.000134825,0.000200362,0.000296769,0.000438585,0.000647199,0.000954075,0.0014055,0.00206955,0.00304638,0.00448332,0.00659708,inf	1.54539,1.54539,4547.93,3884.15,3349.99,2482.23,2051.04,1827.14,1725.61,1754.64,1832.23,1833.15,1649.45,1309.13,938.042,649.158,532.985,639.144,991.075,991.075
0.000582108	-22831771.00	0,2.03198e-06,5.02106e-06,9.41806e-06,1.58861e-05,2.54008e-05,3.93971e-05,5.99859e-05,9.02725e-05,0.000134825,0.000200362,0.000296769,0.000438585,0.000647199,0.000954075,0.0014055,0.00206955,0.00304638,0.00448332,0.00659708,inf	1.54539,1.54539,4715.2,3904.21,3353.58,2488.45,2058.52,1833.76,1731.46,1760.04,1836.78,1835.59,1649.11,1306.75,934.053,644.242,527.919,634.386,985.72,985.72
0.000593716	-22829537.35	0,2.03198e-06,5.02106e-06,9.41806e-06,1.58861e-05,2.54008e-05,3.93971e-05,5.99859e-05,9.02725e-05,0.000134825,0.000200362,0.000296769,0.000438585,0.000647199,0.000954075,0.0014055,0.00206955,0.00304638,0.00448332,0.00659708,inf	1.54539,1.54539,4883.52,3921.73,3356.48,2494.58,2065.93,1840.35,1737.31,1765.44,1841.28,1837.95,1648.7,1304.37,930.152,639.489,523.035,629.778,980.465,980.465
0.000605295	-22827356.91	0,2.03198e-06,5.02106e-06,9.41806e-06,1.58861e-05,2.54008e-05,3.93971e-05,5.99859e-05,9.02725e-05,0.000134825,0.000200362,0.000296769,0.000438585,0.000647199,0.000954075,0.0014055,0.00206955,0.00304638,0.00448332,0.00659708,inf	1.54539,1.54539,5052.7,3936.83,3358.73,2500.63,2073.26,1846.92,1743.16,1770.83,1845.75,1840.22,1648.22,1301.99,926.335,634.888,518.323,625.312,975.306,975.306
0.000616846	-22825227.51	0,2.03198e-06,5.02106e-06,9.41806e-06,1.58861e-05,2.54008e-05,3.93971e-05,5.99859e-05,9.02725e-05,0.000134825,0.000200362,0.000296769,0.000438585,0.000647199,0.000954075,0.0014055,0.00206955,0.00304638,0.00448332,0.00659708,inf	1.54539,1.54539,5222.72,3949.61,3360.42,2506.62,2080.53,1853.47,1749.01,1776.22,1850.17,1842.43,1647.68,1299.61,922.6,630.433,513.771,620.979,970.238,970.238
0.000628369	-22823147.12	0,2.03198e-06,5.02106e-06,9.41806e-06,1.58861e-05,2.54008e-05,3.93971e-05,5.99859e-05,9.02725e-05,0.000134825,0.000200362,0.000296769,0.000438585,0.000647199,0.000954075,0.0014055,0.00206955,0.00304638,0.00448332,0.00659708,inf	1.54539,1.54539,5393.42,3960.15,3361.59,2512.56,2087.74,1859.99,1754.84,1781.59,1854.56,1844.56,1647.08,1297.22,918.942,626.114,509.371,616.772,965.257,965.257
0.000639864	-22821113.80	0,2.03198e-06,5.02106e-06,9.41806e-06,1.58861e-05,2.54008e-05,3.93971e-05,5.99859e-05,9.02725e-05,0.000134825,0.000200362,0.000296769,0.000438585,0.000647199,0.000954075,0.0014055,0.00206955,0.00304638,0.00448332,0.00659708,inf	1.54539,1.54539,5564.78,3968.52,3362.31,2518.45,2094.88,1866.47,1760.67,1786.95,1858.91,1846.63,1646.43,1294.84,915.359,621.924,505.114,612.684,960.36,960.36
0.00065133	-22819125.74	0,2.03198e-06,5.02106e-06,9.41806e-06,1.58861e-05,2.54008e-05,3.93971e-05,5.99859e-05,9.02725e-05,0.000134825,0.000200362,0.000296769,0.000438585,0.000647199,0.000954075,0.0014055,0.00206955,0.00304638,0.00448332,0.00659708,inf	1.54539,1.54539,5736.6,3974.84,3362.62,2524.29,2101.95,1872.93,1766.48,1792.29,1863.22,1848.63,1645.74,1292.47,911.847,617.857,500.993,608.708,955.541,955.541
0.000662767	-22817181.21	0,2.03198e-06,5.02106e-06,9.41806e-06,1.58861e-05,2.54008e-05,3.93971e-05,5.99859e-05,9.02725e-05,0.000134825,0.000200362,0.000296769,0.000438585,0.000647199,0.000954075,0.0014055,0.00206955,0.00304638,0.00448332,0.00659708,inf	2.69251,2.69251,5908.81,3979.17,3362.56,2530.11,2108.95,1879.35,1772.27,1797.62,1867.5,1850.57,1645,1290.1,908.403,613.907,496.999,604.839,950.799,950.799
0.000674175	-22815278.45	0,2.03198e-06,5.02106e-06,9.41806e-06,1.58861e-05,2.54008e-05,3.93971e-05,5.99859e-05,9.02725e-05,0.000134825,0.000200362,0.000296769,0.000438585,0.000647199,0.000954075,0.0014055,0.00206955,0.00304638,0.00448332,0.00659708,inf	4.8642,4.8642,6080.38,3981.59,3362.14,2535.89,2115.9,1885.73,1778.05,1802.92,1871.74,1852.46,1644.23,1287.74,905.026,610.068,493.127,601.07,946.131,946.131
0.000685556	-22813415.88	0,2.03198e-06,5.02106e-06,9.41806e-06,1.58861e-05,2.54008e-05,3.93971e-05,5.99859e-05,9.02725e-05,0.000134825,0.000200362,0.000296769,0.000438585,0.000647199,0.000954075,0.0014055,0.00206955,0.00304638,0.00448332,0.00659708,inf	9.02784,9.02784,6250.5,3982.17,3361.44,2541.64,2122.8,1892.08,1783.8,1808.21,1875.94,1854.3,1643.42,1285.39,901.714,606.334,489.369,597.398,941.532,941.532
0.000696908	-22811591.82	0,2.03198e-06,5.02106e-06,9.41806e-06,1.58861e-05,2.54008e-05,3.93971e-05,5.99859e-05,9.02725e-05,0.000134825,0.000200362,0.000296769,0.000438585,0.000647199,0.000954075,0.0014055,0.00206955,0.00304638,0.00448332,0.00659708,inf	16.8893,16.8893,6417.77,3981.04,3360.51,2547.39,2129.64,1898.4,1789.52,1813.48,1880.11,1856.09,1642.58,1283.05,898.463,602.701,485.721,593.818,937.001,937.001
0.000708232	-22809804.55	0,2.03198e-06,5.02106e-06,9.41806e-06,1.58861e-05,2.54008e-05,3.93971e-05,5.99859e-05,9.02725e-05,0.000134825,0.000200362,0.000296769,0.000438585,0.000647199,0.000954075,0.0014055,0.00206955,0.00304638,0.00448332,0.00659708,inf	30.8555,30.8555,6580.17,3978.31,3359.41,2553.13,2136.45,1904.68,1795.23,1818.72,1884.25,1857.83,1641.71,1280.72,895.273,599.164,482.177,590.324,932.535,932.535
0.00071953	-22808052.47	0,2.03198e-06,5.02106e-06,9.41806e-06,1.58861e-05,2.54008e-05,3.93971e-05,5.99859e-05,9.02725e-05,0.000134825,0.000200362,0.000296769,0.000438585,0.000647199,0.000954075,0.0014055,0.00206955,0.00304638,0.00448332,0.00659708,inf	53.2258,53.2258,6735.46,3974.17,3358.2,2558.91,2143.21,1910.93,1800.91,1823.95,1888.35,1859.52,1640.82,1278.4,892.14,595.719,478.732,586.914,928.132,928.132
0.0007308	-22806334.27	0,2.03198e-06,5.02106e-06,9.41806e-06,1.58861e-05,2.54008e-05,3.93971e-05,5.99859e-05,9.02725e-05,0.000134825,0.000200362,0.000296769,0.000438585,0.000647199,0.000954075,0.0014055,0.00206955,0.00304638,0.00448332,0.00659708,inf	84.9083,84.9083,6882.59,3968.83,3357,2564.73,2149.95,1917.14,1806.56,1829.15,1892.42,1861.17,1639.9,1276.09,889.065,592.361,475.381,583.584,923.79,923.79
0.000742045	-22804649.06	0,2.03198e-06,5.02106e-06,9.41806e-06,1.58861e-05,2.54008e-05,3.93971e-05,5.99859e-05,9.02725e-05,0.000134825,0.000200362,0.000296769,0.000438585,0.000647199,0.000954075,0.0014055,0.00206955,0.00304638,0.00448332,0.00659708,inf	125.531,125.531,7021.45,3962.57,3355.93,2570.62,2156.66,1923.33,1812.19,1834.34,1896.46,1862.78,1638.96,1273.8,886.044,589.088,472.121,580.33,919.506,919.506
0.000753262	-22802996.04	0,2.03198e-06,5.02106e-06,9.41806e-06,1.58861e-05,2.54008e-05,3.93971e-05,5.99859e-05,9.02725e-05,0.000134825,0.000200362,0.000296769,0.000438585,0.000647199,0.000954075,0.0014055,0.00206955,0.00304638,0.00448332,0.00659708,inf	174.229,174.229,7152.11,3955.62,3355.04,2576.61,2163.36,1929.49,1817.79,1839.49,1900.46,1864.35,1638,1271.52,883.076,585.896,468.946,577.148,915.279,915.279
0.000764452	-22801374.33	0,2.03198e-06,5.02106e-06,9.41806e-06,1.58861e-05,2.54008e-05,3.93971e-05,5.99859e-05,9.02725e-05,0.000134825,0.000200362,0.000296769,0.000438585,0.000647199,0.000954075,0.0014055,0.00206955,0.00304638,0.00448332,0.00659708,inf	230.247,230.247,7274.99,3948.15,3354.38,2582.71,2170.04,1935.61,1823.36,1844.63,1904.43,1865.88,1637.03,1269.26,880.159,582.781,465.853,574.037,911.107,911.107
0.000775616	-22799783.01	0,2.03198e-06,5.02106e-06,9.41806e-06,1.58861e-05,2.54008e-05,3.93971e-05,5.99859e-05,9.02725e-05,0.000134825,0.000200362,0.000296769,0.000438585,0.000647199,0.000954075,0.0014055,0.00206955,0.00304638,0.00448332,0.00659708,inf	292.789,292.789,7390.02,3940.36,3354.02,2588.89,2176.71,1941.7,1828.9,1849.73,1908.37,1867.37,1636.03,1267.01,877.293,579.74,462.84,570.992,906.988,906.988
0.000786753	-22798221.14	0,2.03198e-06,5.02106e-06,9.41806e-06,1.58861e-05,2.54008e-05,3.93971e-05,5.99859e-05,9.02725e-05,0.000134825,0.000200362,0.000296769,0.000438585,0.000647199,0.000954075,0.0014055,0.00206955,0.00304638,0.00448332,0.00659708,inf	361.044,361.044,7497.74,3932.4,3353.97,2595.18,2183.36,1947.75,1834.41,1854.81,1912.27,1868.83,1635.02,1264.77,874.474,576.77,459.901,568.011,902.92,902.92
0.000797863	-22796687.85	0,2.03198e-06,5.02106e-06,9.41806e-06,1.58861e-05,2.54008e-05,3.93971e-05,5.99859e-05,9.02725e-05,0.000134825,0.000200362,0.000296769,0.000438585,0.000647199,0.000954075,0.0014055,0.00206955,0.00304638,0.00448332,0.00659708,inf	434.18,434.18,7598.31,3924.4,3354.26,2601.57,2189.98,1953.75,1839.87,1859.86,1916.13,1870.24,1634,1262.55,871.702,573.868,457.035,565.093,898.902,898.902
0.000808946	-22795182.27	0,2.03198e-06,5.02106e-06,9.41806e-06,1.58861e-05,2.54008e-05,3.93971e-05,5.99859e-05,9.02725e-05,0.000134825,0.000200362,0.000296769,0.000438585,0.000647199,0.000954075,0.0014055,0.00206955,0.00304638,0.00448332,0.00659708,inf	511.319,511.319,7692.38,3916.51,3354.93,2608.05,2196.58,1959.72,1845.3,1864.88,1919.96,1871.62,1632.96,1260.35,868.977,571.032,454.237,562.233,894.933,894.933
0.000820003	-22793703.56	0,2.03198e-06,5.02106e-06,9.41806e-06,1.58861e-05,2.54008e-05,3.93971e-05,5.99859e-05,9.02725e-05,0.000134825,0.000200362,0.000296769,0.000438585,0.000647199,0.000954075,0.0014055,0.00206955,0.00304638,0.00448332,0.00659708,inf	591.476,591.476,7780.41,3908.78,3355.97,2614.61,2203.15,1965.63,1850.69,1869.86,1923.76,1872.97,1631.91,1258.16,866.296,568.26,451.507,559.431,891.01,891.01
0.000831033	-22792250.94	0,2.03198e-06,5.02106e-06,9.41806e-06,1.58861e-05,2.54008e-05,3.93971e-05,5.99859e-05,9.02725e-05,0.000134825,0.000200362,0.000296769,0.000438585,0.000647199,0.000954075,0.0014055,0.00206955,0.00304638,0.00448332,0.00659708,inf	673.97,673.97,7863.03,3901.31,3357.38,2621.25,2209.68,1971.49,1856.04,1874.82,1927.52,1874.29,1630.86,1255.98,863.658,565.549,448.84,556.684,887.132,887.132
0.000842036	-22790823.66	0,2.03198e-06,5.02106e-06,9.41806e-06,1.58861e-05,2.54008e-05,3.93971e-05,5.99859e-05,9.02725e-05,0.000134825,0.000200362,0.000296769,0.000438585,0.000647199,0.000954075,0.0014055,0.00206955,0.00304638,0.00448332,0.00659708,inf	757.984,757.984,7940.66,3894.14,3359.16,2627.96,2216.16,1977.3,1861.35,1879.75,1931.25,1875.57,1629.79,1253.83,861.064,562.897,446.235,553.989,883.299,883.299
0.000853013	-22789420.96	0,2.03198e-06,5.02106e-06,9.41806e-06,1.58861e-05,2.54008e-05,3.93971e-05,5.99859e-05,9.02725e-05,0.000134825,0.000200362,0.000296769,0.000438585,0.000647199,0.000954075,0.0014055,0.00206955,0.00304638,0.00448332,0.00659708,inf	842.833,842.833,8013.91,3887.31,3361.3,2634.72,2222.6,1983.05,1866.61,1884.64,1934.95,1876.82,1628.71,1251.68,858.51,560.302,443.688,551.346,879.509,879.509
0.000863963	-22788042.17	0,2.03198e-06,5.02106e-06,9.41806e-06,1.58861e-05,2.54008e-05,3.93971e-05,5.99859e-05,9.02725e-05,0.000134825,0.000200362,0.000296769,0.000438585,0.000647199,0.000954075,0.0014055,0.00206955,0.00304638,0.00448332,0.00659708,inf	927.931,927.931,8083.35,3880.87,3363.76,2641.51,2228.98,1988.73,1871.83,1889.5,1938.61,1878.04,1627.62,1249.56,855.998,557.762,441.199,548.753,875.76,875.76
0.000874887	-22786686.59	0,2.03198e-06,5.02106e-06,9.41806e-06,1.58861e-05,2.54008e-05,3.93971e-05,5.99859e-05,9.02725e-05,0.000134825,0.000200362,0.000296769,0.000438585,0.000647199,0.000954075,0.0014055,0.00206955,0.00304638,0.00448332,0.00659708,inf	1012.77,1012.77,8149.48,3874.86,3366.57,2648.35,2235.32,1994.37,1877,1894.33,1942.24,1879.24,1626.53,1247.45,853.525,555.275,438.764,546.207,872.052,872.052
0.000885784	-22785353.58	0,2.03198e-06,5.02106e-06,9.41806e-06,1.58861e-05,2.54008e-05,3.93971e-05,5.99859e-05,9.02725e-05,0.000134825,0.000200362,0.000296769,0.000438585,0.000647199,0.000954075,0.0014055,0.00206955,0.00304638,0.00448332,0.00659708,inf	1097.11,1097.11,8212.67,3869.26,3369.66,2655.19,2241.6,1999.94,1882.14,1899.13,1945.84,1880.4,1625.44,1245.36,851.09,552.84,436.383,543.707,868.384,868.384
0.000896654	-22784042.53	0,2.03198e-06,5.02106e-06,9.41806e-06,1.58861e-05,2.54008e-05,3.93971e-05,5.99859e-05,9.02725e-05,0.000134825,0.000200362,0.000296769,0.000438585,0.000647199,0.000954075,0.0014055,0.00206955,0.00304638,0.00448332,0.00659708,inf	1180.64,1180.64,8273.37,3864.05,3373.05,2662.04,2247.8,2005.44,1887.22,1903.9,1949.4,1881.54,1624.34,1243.29,848.694,550.454,434.052,541.252,864.754,864.754
0.000907498	-22782752.82	0,2.03198e-06,5.02106e-06,9.41806e-06,1.58861e-05,2.54008e-05,3.93971e-05,5.99859e-05,9.02725e-05,0.000134825,0.000200362,0.000296769,0.000438585,0.000647199,0.000954075,0.0014055,0.00206955,0.00304638,0.00448332,0.00659708,inf	1263.01,1263.01,8331.82,3859.24,3376.68,2668.88,2253.95,2010.89,1892.27,1908.63,1952.94,1882.66,1623.23,1241.23,846.334,548.116,431.77,538.84,861.162,861.162
0.000918315	-22781483.88	0,2.03198e-06,5.02106e-06,9.41806e-06,1.58861e-05,2.54008e-05,3.93971e-05,5.99859e-05,9.02725e-05,0.000134825,0.000200362,0.000296769,0.000438585,0.000647199,0.000954075,0.0014055,0.00206955,0.00304638,0.00448332,0.00659708,inf	1344.27,1344.27,8388.5,3854.82,3380.54,2675.71,2260.02,2016.27,1897.27,1913.34,1956.44,1883.75,1622.12,1239.19,844.011,545.825,429.536,536.47,857.606,857.606
0.000929106	-22780235.16	0,2.03198e-06,5.02106e-06,9.41806e-06,1.58861e-05,2.54008e-05,3.93971e-05,5.99859e-05,9.02725e-05,0.000134825,0.000200362,0.000296769,0.000438585,0.000647199,0.000954075,0.0014055,0.00206955,0.00304638,0.00448332,0.00659708,inf	1424.11,1424.11,8443.58,3850.72,3384.59,2682.51,2266.03,2021.59,1902.22,1918.02,1959.91,1884.81,1621.01,1237.16,841.723,543.579,427.348,534.14,854.085,854.085
0.000939871	-22779006.11	0,2.03198e-06,5.02106e-06,9.41806e-06,1.58861e-05,2.54008e-05,3.93971e-05,5.99859e-05,9.02725e-05,0.000134825,0.000200362,0.000296769,0.000438585,0.000647199,0.000954075,0.0014055,0.00206955,0.00304638,0.00448332,0.00659708,inf	1502.49,1502.49,8497.23,3846.96,3388.85,2689.28,2271.95,2026.84,1907.14,1922.66,1963.36,1885.85,1619.9,1235.16,839.469,541.377,425.205,531.85,850.6,850.6
0.000950609	-22777796.23	0,2.03198e-06,5.02106e-06,9.41806e-06,1.58861e-05,2.54008e-05,3.93971e-05,5.99859e-05,9.02725e-05,0.000134825,0.000200362,0.000296769,0.000438585,0.000647199,0.000954075,0.0014055,0.00206955,0.00304638,0.00448332,0.00659708,inf	1579.4,1579.4,8549.76,3843.51,3393.26,2696.02,2277.81,2032.04,1912.01,1927.28,1966.78,1886.87,1618.78,1233.17,837.25,539.218,423.104,529.598,847.148,847.148
0.000961321	-22776605.02	0,2.03198e-06,5.02106e-06,9.41806e-06,1.58861e-05,2.54008e-05,3.93971e-05,5.99859e-05,9.02725e-05,0.000134825,0.000200362,0.000296769,0.000438585,0.000647199,0.000954075,0.0014055,0.00206955,0.00304638,0.00448332,0.00659708,inf	1654.78,1654.78,8601.25,3840.33,3397.82,2702.7,2283.6,2037.17,1916.85,1931.87,1970.16,1887.87,1617.66,1231.2,835.063,537.099,421.045,527.382,843.729,843.729
0.000972006	-22775432.01	0,2.03198e-06,5.02106e-06,9.41806e-06,1.58861e-05,2.54008e-05,3.93971e-05,5.99859e-05,9.02725e-05,0.000134825,0.000200362,0.000296769,0.000438585,0.000647199,0.000954075,0.0014055,0.00206955,0.00304638,0.00448332,0.00659708,inf	1728.82,1728.82,8651.85,3837.4,3402.52,2709.34,2289.31,2042.24,1921.64,1936.44,1973.53,1888.85,1616.55,1229.24,832.91,535.021,419.026,525.203,840.342,840.342
0.000982666	-22774276.73	0,2.03198e-06,5.02106e-06,9.41806e-06,1.58861e-05,2.54008e-05,3.93971e-05,5.99859e-05,9.02725e-05,0.000134825,0.000200362,0.000296769,0.000438585,0.000647199,0.000954075,0.0014055,0.00206955,0.00304638,0.00448332,0.00659708,inf	1801.17,1801.17,8701.72,3834.72,3407.32,2715.91,2294.95,2047.25,1926.4,1940.97,1976.86,1889.8,1615.43,1227.31,830.788,532.981,417.047,523.059,836.987,836.987
0.0009933	-22773138.75	0,2.03198e-06,5.02106e-06,9.41806e-06,1.58861e-05,2.54008e-05,3.93971e-05,5.99859e-05,9.02725e-05,0.000134825,0.000200362,0.000296769,0.000438585,0.000647199,0.000954075,0.0014055,0.00206955,0.00304638,0.00448332,0.00659708,inf	1872.2,1872.2,8751.03,3832.25,3412.22,2722.44,2300.52,2052.2,1931.12,1945.49,1980.17,1890.74,1614.31,1225.39,828.697,530.98,415.105,520.948,833.663,833.663
0.00100391	-22772017.63	0,2.03198e-06,5.02106e-06,9.41806e-06,1.58861e-05,2.54008e-05,3.93971e-05,5.99859e-05,9.02725e-05,0.000134825,0.000200362,0.000296769,0.000438585,0.000647199,0.000954075,0.0014055,0.00206955,0.00304638,0.00448332,0.00659708,inf	1941.83,1941.83,8799.73,3829.98,3417.18,2728.89,2306.01,2057.09,1935.8,1949.97,1983.45,1891.66,1613.19,1223.48,826.637,529.014,413.199,518.871,830.368,830.368
0.00101449	-22770912.96	0,2.03198e-06,5.02106e-06,9.41806e-06,1.58861e-05,2.54008e-05,3.93971e-05,5.99859e-05,9.02725e-05,0.000134825,0.000200362,0.000296769,0.000438585,0.000647199,0.000954075,0.0014055,0.00206955,0.00304638,0.00448332,0.00659708,inf	2010.03,2010.03,8847.96,3827.84,3422.24,2735.29,2311.44,2061.93,1940.45,1954.44,1986.71,1892.56,1612.07,1221.59,824.606,527.085,411.33,516.825,827.103,827.103
0.00102504	-22769824.35	0,2.03198e-06,5.02106e-06,9.41806e-06,1.58861e-05,2.54008e-05,3.93971e-05,5.99859e-05,9.02725e-05,0.000134825,0.000200362,0.000296769,0.000438585,0.000647199,0.000954075,0.0014055,0.00206955,0.00304638,0.00448332,0.00659708,inf	2076.89,2076.89,8895.78,3825.87,3427.34,2741.62,2316.79,2066.71,1945.07,1958.87,1989.94,1893.44,1610.96,1219.72,822.606,525.19,409.495,514.811,823.866,823.866
0.00103557	-22768751.42	0,2.03198e-06,5.02106e-06,9.41806e-06,1.58861e-05,2.54008e-05,3.93971e-05,5.99859e-05,9.02725e-05,0.000134825,0.000200362,0.000296769,0.000438585,0.000647199,0.000954075,0.0014055,0.00206955,0.00304638,0.00448332,0.00659708,inf	2142.59,2142.59,8943.22,3824.02,3432.49,2747.89,2322.08,2071.45,1949.65,1963.29,1993.15,1894.3,1609.84,1217.87,820.633,523.329,407.693,512.827,820.658,820.658
0.00104608	-22767693.78	0,2.03198e-06,5.02106e-06,9.41806e-06,1.58861e-05,2.54008e-05,3.93971e-05,5.99859e-05,9.02725e-05,0.000134825,0.000200362,0.000296769,0.000438585,0.000647199,0.000954075,0.0014055,0.00206955,0.00304638,0.00448332,0.00659708,inf	2206.96,2206.96,8990.3,3822.29,3437.67,2754.08,2327.3,2076.13,1954.2,1967.68,1996.33,1895.15,1608.73,1216.03,818.689,521.501,405.924,510.873,817.476,817.476
0.00105656	-22766651.08	0,2.03198e-06,5.02106e-06,9.41806e-06,1.58861e-05,2.54008e-05,3.93971e-05,5.99859e-05,9.02725e-05,0.000134825,0.000200362,0.000296769,0.000438585,0.000647199,0.000954075,0.0014055,0.00206955,0.00304638,0.00448332,0.00659708,inf	2270.21,2270.21,9037.14,3820.62,3442.88,2760.21,2332.45,2080.76,1958.72,1972.05,1999.49,1895.97,1607.61,1214.21,816.773,519.705,404.186,508.948,814.322,814.322
0.00106701	-22765622.98	0,2.03198e-06,5.02106e-06,9.41806e-06,1.58861e-05,2.54008e-05,3.93971e-05,5.99859e-05,9.02725e-05,0.000134825,0.000200362,0.000296769,0.000438585,0.000647199,0.000954075,0.0014055,0.00206955,0.00304638,0.00448332,0.00659708,inf	2332.32,2332.32,9083.67,3819.04,3448.1,2766.27,2337.55,2085.34,1963.21,1976.4,2002.63,1896.79,1606.5,1212.41,814.883,517.94,402.48,507.051,811.193,811.193
0.00107744	-22764609.13	0,2.03198e-06,5.02106e-06,9.41806e-06,1.58861e-05,2.54008e-05,3.93971e-05,5.99859e-05,9.02725e-05,0.000134825,0.000200362,0.000296769,0.000438585,0.000647199,0.000954075,0.0014055,0.00206955,0.00304638,0.00448332,0.00659708,inf	2393.41,2393.41,9129.96,3817.54,3453.34,2772.26,2342.58,2089.88,1967.68,1980.73,2005.74,1897.58,1605.39,1210.62,813.02,516.205,400.803,505.181,808.09,808.09
0.00108784	-22763609.21	0,2.03198e-06,5.02106e-06,9.41806e-06,1.58861e-05,2.54008e-05,3.93971e-05,5.99859e-05,9.02725e-05,0.000134825,0.000200362,0.000296769,0.000438585,0.000647199,0.000954075,0.0014055,0.00206955,0.00304638,0.00448332,0.00659708,inf	2453.51,2453.51,9175.97,3816.08,3458.59,2778.19,2347.55,2094.36,1972.11,1985.03,2008.83,1898.36,1604.29,1208.84,811.184,514.5,399.155,503.338,805.013,805.013
0.00109822	-22762622.90	0,2.03198e-06,5.02106e-06,9.41806e-06,1.58861e-05,2.54008e-05,3.93971e-05,5.99859e-05,9.02725e-05,0.000134825,0.000200362,0.000296769,0.000438585,0.000647199,0.000954075,0.0014055,0.00206955,0.00304638,0.00448332,0.00659708,inf	2512.52,2512.52,9221.75,3814.66,3463.83,2784.06,2352.46,2098.81,1976.52,1989.32,2011.9,1899.12,1603.18,1207.09,809.372,512.824,397.536,501.521,801.959,801.959
0.00110857	-22761649.90	0,2.03198e-06,5.02106e-06,9.41806e-06,1.58861e-05,2.54008e-05,3.93971e-05,5.99859e-05,9.02725e-05,0.000134825,0.000200362,0.000296769,0.000438585,0.000647199,0.000954075,0.0014055,0.00206955,0.00304638,0.00448332,0.00659708,inf	2570.61,2570.61,9267.25,3813.29,3469.08,2789.85,2357.32,2103.21,1980.9,1993.58,2014.94,1899.87,1602.07,1205.34,807.586,511.176,395.944,499.73,798.93,798.93
0.0011189	-22760689.92	0,2.03198e-06,5.02106e-06,9.41806e-06,1.58861e-05,2.54008e-05,3.93971e-05,5.99859e-05,9.02725e-05,0.000134825,0.000200362,0.000296769,0.000438585,0.000647199,0.000954075,0.0014055,0.00206955,0.00304638,0.00448332,0.00659708,inf	2627.92,2627.92,9312.59,3811.94,3474.32,2795.59,2362.12,2107.57,1985.25,1997.83,2017.97,1900.6,1600.97,1203.62,805.825,509.555,394.379,497.963,795.924,795.924
0.0011292	-22759742.65	0,2.03198e-06,5.02106e-06,9.41806e-06,1.58861e-05,2.54008e-05,3.93971e-05,5.99859e-05,9.02725e-05,0.000134825,0.000200362,0.000296769,0.000438585,0.000647199,0.000954075,0.0014055,0.00206955,0.00304638,0.00448332,0.00659708,inf	2684.31,2684.31,9357.66,3810.61,3479.55,2801.27,2366.87,2111.89,1989.58,2002.05,2020.97,1901.32,1599.87,1201.91,804.088,507.961,392.84,496.221,792.941,792.941
0.00113948	-22758807.83	0,2.03198e-06,5.02106e-06,9.41806e-06,1.58861e-05,2.54008e-05,3.93971e-05,5.99859e-05,9.02725e-05,0.000134825,0.000200362,0.000296769,0.000438585,0.000647199,0.000954075,0.0014055,0.00206955,0.00304638,0.00448332,0.00659708,inf	2739.91,2739.91,9402.51,3809.28,3484.76,2806.89,2371.57,2116.17,1993.88,2006.26,2023.94,1902.02,1598.77,1200.21,802.375,506.394,391.327,494.503,789.981,789.981
0.00114973	-22757885.20	0,2.03198e-06,5.02106e-06,9.41806e-06,1.58861e-05,2.54008e-05,3.93971e-05,5.99859e-05,9.02725e-05,0.000134825,0.000200362,0.000296769,0.000438585,0.000647199,0.000954075,0.0014055,0.00206955,0.00304638,0.00448332,0.00659708,inf	2794.83,2794.83,9447.18,3807.94,3489.96,2812.45,2376.21,2120.41,1998.17,2010.45,2026.9,1902.7,1597.68,1198.53,800.685,504.852,389.838,492.807,787.042,787.042
0.00115996	-22756974.47	0,2.03198e-06,5.02106e-06,9.41806e-06,1.58861e-05,2.54008e-05,3.93971e-05,5.99859e-05,9.02725e-05,0.000134825,0.000200362,0.000296769,0.000438585,0.000647199,0.000954075,0.0014055,0.00206955,0.00304638,0.00448332,0.00659708,inf	2849.03,2849.03,9491.51,3806.59,3495.13,2817.95,2380.81,2124.62,2002.43,2014.62,2029.83,1903.38,1596.59,1196.86,799.018,503.335,388.374,491.135,784.126,784.126
0.00117016	-22756075.41	0,2.03198e-06,5.02106e-06,9.41806e-06,1.58861e-05,2.54008e-05,3.93971e-05,5.99859e-05,9.02725e-05,0.000134825,0.000200362,0.000296769,0.000438585,0.000647199,0.000954075,0.0014055,0.00206955,0.00304638,0.00448332,0.00659708,inf	2902.53,2902.53,9535.62,3805.22,3500.28,2823.4,2385.36,2128.79,2006.66,2018.76,2032.75,1904.03,1595.49,1195.21,797.373,501.842,386.933,489.485,781.23,781.23
0.00118034	-22755187.75	0,2.03198e-06,5.02106e-06,9.41806e-06,1.58861e-05,2.54008e-05,3.93971e-05,5.99859e-05,9.02725e-05,0.000134825,0.000200362,0.000296769,0.000438585,0.000647199,0.000954075,0.0014055,0.00206955,0.00304638,0.00448332,0.00659708,inf	2955.48,2955.48,9579.37,3803.85,3505.41,2828.79,2389.87,2132.92,2010.88,2022.9,2035.64,1904.68,1594.41,1193.57,795.751,500.374,385.515,487.856,778.355,778.355
0.0011905	-22754311.27	0,2.03198e-06,5.02106e-06,9.41806e-06,1.58861e-05,2.54008e-05,3.93971e-05,5.99859e-05,9.02725e-05,0.000134825,0.000200362,0.000296769,0.000438585,0.000647199,0.000954075,0.0014055,0.00206955,0.00304638,0.00448332,0.00659708,inf	3007.83,3007.83,9622.96,3802.48,3510.52,2834.13,2394.33,2137.02,2015.08,2027.01,2038.51,1905.31,1593.32,1191.95,794.15,498.929,384.12,486.249,775.501,775.501
0.00120063	-22753445.72	0,2.03198e-06,5.02106e-06,9.41806e-06,1.58861e-05,2.54008e-05,3.93971e-05,5.99859e-05,9.02725e-05,0.000134825,0.000200362,0.000296769,0.000438585,0.000647199,0.000954075,0.0014055,0.00206955,0.00304638,0.00448332,0.00659708,inf	3059.67,3059.67,9666.21,3801.07,3515.61,2839.42,2398.75,2141.09,2019.25,2031.1,2041.36,1905.92,1592.24,1190.34,792.571,497.506,382.747,484.663,772.666,772.666
0.00121074	-22752590.88	0,2.03198e-06,5.02106e-06,9.41806e-06,1.58861e-05,2.54008e-05,3.93971e-05,5.99859e-05,9.02725e-05,0.000134825,0.000200362,0.000296769,0.000438585,0.000647199,0.000954075,0.0014055,0.00206955,0.00304638,0.00448332,0.00659708,inf	3111.03,3111.03,9709.17,3799.65,3520.68,2844.67,2403.12,2145.12,2023.4,2035.18,2044.19,1906.53,1591.16,1188.75,791.013,496.106,381.395,483.097,769.852,769.852
0.00122082	-22751746.54	0,2.03198e-06,5.02106e-06,9.41806e-06,1.58861e-05,2.54008e-05,3.93971e-05,5.99859e-05,9.02725e-05,0.000134825,0.000200362,0.000296769,0.000438585,0.000647199,0.000954075,0.0014055,0.00206955,0.00304638,0.00448332,0.00659708,inf	3161.89,3161.89,9751.73,3798.2,3525.71,2849.87,2407.46,2149.13,2027.54,2039.24,2047,1907.12,1590.08,1187.17,789.475,494.728,380.064,481.551,767.056,767.056
0.00123088	-22750912.48	0,2.03198e-06,5.02106e-06,9.41806e-06,1.58861e-05,2.54008e-05,3.93971e-05,5.99859e-05,9.02725e-05,0.000134825,0.000200362,0.000296769,0.000438585,0.000647199,0.000954075,0.0014055,0.00206955,0.00304638,0.00448332,0.00659708,inf	3212.22,3212.22,9793.96,3796.73,3530.73,2855.03,2411.75,2153.1,2031.65,2043.28,2049.78,1907.69,1589,1185.6,787.958,493.371,378.754,480.024,764.279,764.279
0.00124092	-22750088.49	0,2.03198e-06,5.02106e-06,9.41806e-06,1.58861e-05,2.54008e-05,3.93971e-05,5.99859e-05,9.02725e-05,0.000134825,0.000200362,0.000296769,0.000438585,0.000647199,0.000954075,0.0014055,0.00206955,0.00304638,0.00448332,0.00659708,inf	3262.13,3262.13,9835.91,3795.22,3535.72,2860.13,2416.01,2157.04,2035.75,2047.3,2052.55,1908.25,1587.93,1184.05,786.461,492.035,377.464,478.517,761.521,761.521
0.00125093	-22749274.37	0,2.03198e-06,5.02106e-06,9.41806e-06,1.58861e-05,2.54008e-05,3.93971e-05,5.99859e-05,9.02725e-05,0.000134825,0.000200362,0.000296769,0.000438585,0.000647199,0.000954075,0.0014055,0.00206955,0.00304638,0.00448332,0.00659708,inf	3311.65,3311.65,9877.59,3793.7,3540.68,2865.21,2420.23,2160.95,2039.83,2051.31,2055.3,1908.8,1586.86,1182.51,784.984,490.719,376.193,477.028,758.78,758.78
0.00126092	-22748469.93	0,2.03198e-06,5.02106e-06,9.41806e-06,1.58861e-05,2.54008e-05,3.93971e-05,5.99859e-05,9.02725e-05,0.000134825,0.000200362,0.000296769,0.000438585,0.000647199,0.000954075,0.0014055,0.00206955,0.00304638,0.00448332,0.00659708,inf	3360.71,3360.71,9918.92,3792.15,3545.62,2870.23,2424.41,2164.84,2043.89,2055.3,2058.02,1909.34,1585.79,1180.99,783.526,489.424,374.941,475.558,756.058,756.058
