0.000163214	-21803842.45	0,1.95121e-06,4.82147e-06,9.04369e-06,1.52547e-05,2.43911e-05,3.78311e-05,5.76015e-05,8.66842e-05,0.000129465,0.000192398,0.000284972,0.000421151,0.000621473,0.00091615,0.00134963,0.00198728,0.00292528,0.0043051,0.00633485,inf	1519.61,1519.61,1762.09,2013.89,2012.26,1877.07,1788.99,1741.82,1680.29,1633.8,1606.2,1582.24,1553.95,1520.62,1487.32,1453.59,1414.91,1369.78,1281.01,1281.01
0.000172048	-21790076.03	0,1.95121e-06,4.82147e-06,9.04369e-06,1.52547e-05,2.43911e-05,3.78311e-05,5.76015e-05,8.66842e-05,0.000129465,0.000192398,0.000284972,0.000421151,0.000621473,0.00091615,0.00134963,0.00198728,0.00292528,0.0043051,0.00633485,inf	1342.27,1342.27,1716.25,2231.43,2258.19,2019.8,1890.2,1828.53,1730.3,1657,1616.28,1578.59,1528.75,1466.22,1402.03,1338.78,1274.19,1211.52,1098.26,1098.26
0.000181531	-21778842.04	0,1.95121e-06,4.82147e-06,9.04369e-06,1.52547e-05,2.43911e-05,3.78311e-05,5.76015e-05,8.66842e-05,0.000129465,0.000192398,0.000284972,0.000421151,0.000621473,0.00091615,0.00134963,0.00198728,0.00292528,0.0043051,0.00633485,inf	1207.86,1207.86,1613.68,2355.59,2412.46,2089.73,1945.85,1886.23,1765.44,1676.97,1631.65,1586.8,1520.37,1432.47,1340.38,1251.29,1168.07,1099.08,976.625,976.625
0.000191473	-21769215.63	0,1.95121e-06,4.82147e-06,9.04369e-06,1.52547e-05,2.43911e-05,3.78311e-05,5.76015e-05,8.66842e-05,0.000129465,0.000192398,0.000284972,0.000421151,0.000621473,0.00091615,0.00134963,0.00198728,0.00292528,0.0043051,0.00633485,inf	1129.7,1129.7,1514.37,2445.48,2520.05,2120.67,1976.93,1926.11,1790.2,1693.17,1648.15,1600.41,1521.26,1411.5,1294.51,1182.82,1085.51,1015.21,887.937,887.937
0.000201747	-21760713.83	0,1.95121e-06,4.82147e-06,9.04369e-06,1.52547e-05,2.43911e-05,3.78311e-05,5.76015e-05,8.66842e-05,0.000129465,0.000192398,0.000284972,0.000421151,0.000621473,0.00091615,0.00134963,0.00198728,0.00292528,0.0043051,0.00633485,inf	1093.04,1093.04,1436.34,2529.86,2605.34,2131.6,1995.6,1955.24,1807.83,1705.88,1663.8,1615.9,1527.08,1398.57,1259.53,1128.03,1019.68,950.413,819.486,819.486
0.000212271	-21753054.65	0,1.95121e-06,4.82147e-06,9.04369e-06,1.52547e-05,2.43911e-05,3.78311e-05,5.76015e-05,8.66842e-05,0.000129465,0.000192398,0.000284972,0.000421151,0.000621473,0.00091615,0.00134963,0.00198728,0.00292528,0.0043051,0.00633485,inf	1082.39,1082.39,1381.87,2620.58,2679.84,2132.46,2008.57,1977.96,1820.65,1715.67,1677.82,1631.44,1535.29,1390.77,1232.24,1083.34,966.107,898.995,764.54,764.54
0.000222985	-21746057.65	0,1.95121e-06,4.82147e-06,9.04369e-06,1.52547e-05,2.43911e-05,3.78311e-05,5.76015e-05,8.66842e-05,0.000129465,0.000192398,0.000284972,0.000421151,0.000621473,0.00091615,0.00134963,0.00198728,0.00292528,0.0043051,0.00633485,inf	1086.95,1086.95,1348.56,2721.24,2748.28,2128.36,2019.46,1996.93,1830.27,1723.2,1690.01,1646.13,1544.44,1386.26,1210.52,1046.29,921.78,857.334,719.14,719.14
0.000233847	-21739599.08	0,1.95121e-06,4.82147e-06,9.04369e-06,1.52547e-05,2.43911e-05,3.78311e-05,5.76015e-05,8.66842e-05,0.000129465,0.000192398,0.000284972,0.000421151,0.000621473,0.00091615,0.00134963,0.00198728,0.00292528,0.0043051,0.00633485,inf	1099.83,1099.83,1333.16,2831.79,2812.09,2121.86,2030.15,2013.75,1837.83,1729.06,1700.5,1659.57,1553.7,1383.84,1192.9,1015.13,884.574,823.007,680.781,680.781
0.000244826	-21733589.66	0,1.95121e-06,4.82147e-06,9.04369e-06,1.52547e-05,2.43911e-05,3.78311e-05,5.76015e-05,8.66842e-05,0.000129465,0.000192398,0.000284972,0.000421151,0.000621473,0.00091615,0.00134963,0.00198728,0.00292528,0.0043051,0.00633485,inf	1117.07,1117.07,1332.78,2950.81,2871.28,2114.29,2041.56,2029.37,1844.09,1733.71,1709.5,1671.66,1562.6,1382.75,1178.34,988.564,852.957,794.332,647.787,647.787
0.0002559	-21727962.35	0,1.95121e-06,4.82147e-06,9.04369e-06,1.52547e-05,2.43911e-05,3.78311e-05,5.76015e-05,8.66842e-05,0.000129465,0.000192398,0.000284972,0.000421151,0.000621473,0.00091615,0.00134963,0.00198728,0.00292528,0.0043051,0.00633485,inf	1136.49,1136.49,1345.18,3076.31,2925.4,2106.36,2054.1,2044.35,1849.57,1737.54,1717.26,1682.43,1570.9,1382.45,1166.1,965.666,825.8,770.101,618.991,618.991
0.00026705	-21722665.39	0,1.95121e-06,4.82147e-06,9.04369e-06,1.52547e-05,2.43911e-05,3.78311e-05,5.76015e-05,8.66842e-05,0.000129465,0.000192398,0.000284972,0.000421151,0.000621473,0.00091615,0.00134963,0.00198728,0.00292528,0.0043051,0.00633485,inf	1157.1,1157.1,1368.63,3206.42,2973.93,2098.46,2067.9,2059.02,1854.6,1740.83,1723.99,1691.98,1578.48,1382.62,1155.64,945.716,802.253,749.429,593.548,593.548
0.000278262	-21717657.70	0,1.95121e-06,4.82147e-06,9.04369e-06,1.52547e-05,2.43911e-05,3.78311e-05,5.76015e-05,8.66842e-05,0.000129465,0.000192398,0.000284972,0.000421151,0.000621473,0.00091615,0.00134963,0.00198728,0.00292528,0.0043051,0.00633485,inf	1178.37,1178.37,1401.87,3339.33,3016.49,2090.87,2082.93,2073.54,1859.4,1743.76,1729.9,1700.43,1585.32,1383.01,1146.57,928.17,781.666,731.647,570.832,570.832
0.000289526	-21712906.10	0,1.95121e-06,4.82147e-06,9.04369e-06,1.52547e-05,2.43911e-05,3.78311e-05,5.76015e-05,8.66842e-05,0.000129465,0.000192398,0.000284972,0.000421151,0.000621473,0.00091615,0.00134963,0.00198728,0.00292528,0.0043051,0.00633485,inf	1200.04,1200.04,1443.93,3473.53,3052.9,2083.73,2099.08,2088.01,1864.12,1746.5,1735.16,1707.92,1591.43,1383.47,1138.57,912.605,763.53,716.245,550.367,550.367
0.000300833	-21708383.31	0,1.95121e-06,4.82147e-06,9.04369e-06,1.52547e-05,2.43911e-05,3.78311e-05,5.76015e-05,8.66842e-05,0.000129465,0.000192398,0.000284972,0.000421151,0.000621473,0.00091615,0.00134963,0.00198728,0.00292528,0.0043051,0.00633485,inf	1222.38,1222.38,1494.13,3607.69,3083.15,2077.18,2116.25,2102.44,1868.84,1749.14,1739.9,1714.56,1596.84,1383.92,1131.43,898.687,747.448,702.826,531.782,531.782
0.000312176	-21704066.47	0,1.95121e-06,4.82147e-06,9.04369e-06,1.52547e-05,2.43911e-05,3.78311e-05,5.76015e-05,8.66842e-05,0.000129465,0.000192398,0.000284972,0.000421151,0.000621473,0.00091615,0.00134963,0.00198728,0.00292528,0.0043051,0.00633485,inf	1245.36,1245.36,1551.84,3740.7,3107.39,2071.31,2134.28,2116.85,1873.6,1751.74,1744.23,1720.48,1601.61,1384.27,1124.97,886.153,733.102,691.075,514.788,514.788
0.000323549	-21699936.40	0,1.95121e-06,4.82147e-06,9.04369e-06,1.52547e-05,2.43911e-05,3.78311e-05,5.76015e-05,8.66842e-05,0.000129465,0.000192398,0.000284972,0.000421151,0.000621473,0.00091615,0.00134963,0.00198728,0.00292528,0.0043051,0.00633485,inf	1269.03,1269.03,1616.54,3871.66,3125.91,2066.2,2153.05,2131.21,1878.43,1754.36,1748.23,1725.76,1605.78,1384.5,1119.05,874.791,720.234,680.74,499.151,499.151
0.000334949	-21695976.61	0,1.95121e-06,4.82147e-06,9.04369e-06,1.52547e-05,2.43911e-05,3.78311e-05,5.76015e-05,8.66842e-05,0.000129465,0.000192398,0.000284972,0.000421151,0.000621473,0.00091615,0.00134963,0.00198728,0.00292528,0.0043051,0.00633485,inf	1293.53,1293.53,1687.69,3999.84,3139.04,2061.93,2172.43,2145.5,1883.34,1757.01,1751.98,1730.51,1609.41,1384.57,1113.58,864.429,708.636,671.619,484.683,484.683
0.000346371	-21692172.90	0,1.95121e-06,4.82147e-06,9.04369e-06,1.52547e-05,2.43911e-05,3.78311e-05,5.76015e-05,8.66842e-05,0.000129465,0.000192398,0.000284972,0.000421151,0.000621473,0.00091615,0.00134963,0.00198728,0.00292528,0.0043051,0.00633485,inf	1318.94,1318.94,1764.95,4124.65,3147.2,2058.5,2192.29,2159.69,1888.32,1759.72,1755.53,1734.78,1612.56,1384.48,1108.47,854.929,698.136,663.545,471.23,471.23
0.000357812	-21688512.90	0,1.95121e-06,4.82147e-06,9.04369e-06,1.52547e-05,2.43911e-05,3.78311e-05,5.76015e-05,8.66842e-05,0.000129465,0.000192398,0.000284972,0.000421151,0.000621473,0.00091615,0.00134963,0.00198728,0.00292528,0.0043051,0.00633485,inf	1345.25,1345.25,1847.89,4245.55,3150.87,2055.97,2212.54,2173.77,1893.36,1762.5,1758.93,1738.66,1615.27,1384.22,1103.65,846.174,688.593,656.381,458.665,458.665
0.00036927	-21684985.79	0,1.95121e-06,4.82147e-06,9.04369e-06,1.52547e-05,2.43911e-05,3.78311e-05,5.76015e-05,8.66842e-05,0.000129465,0.000192398,0.000284972,0.000421151,0.000621473,0.00091615,0.00134963,0.00198728,0.00292528,0.0043051,0.00633485,inf	1372.53,1372.53,1936.09,4362.15,3150.5,2054.33,2233.09,2187.7,1898.47,1765.35,1762.2,1742.19,1617.58,1383.79,1099.07,838.069,679.887,650.014,446.882,446.882
0.000380743	-21681582.02	0,1.95121e-06,4.82147e-06,9.04369e-06,1.52547e-05,2.43911e-05,3.78311e-05,5.76015e-05,8.66842e-05,0.000129465,0.000192398,0.000284972,0.000421151,0.000621473,0.00091615,0.00134963,0.00198728,0.00292528,0.0043051,0.00633485,inf	1400.77,1400.77,2029.2,4474.14,3146.55,2053.59,2253.84,2201.46,1903.61,1768.27,1765.38,1745.43,1619.55,1383.2,1094.71,830.536,671.919,644.347,435.791,435.791
0.000392228	-21678293.11	0,1.95121e-06,4.82147e-06,9.04369e-06,1.52547e-05,2.43911e-05,3.78311e-05,5.76015e-05,8.66842e-05,0.000129465,0.000192398,0.000284972,0.000421151,0.000621473,0.00091615,0.00134963,0.00198728,0.00292528,0.0043051,0.00633485,inf	1427.7,1427.7,2126.84,4581.26,3139.48,2053.75,2274.73,2215.03,1908.79,1771.26,1768.48,1748.41,1621.2,1382.46,1090.51,823.507,664.604,639.302,425.318,425.318
0.000403725	-21675111.45	0,1.95121e-06,4.82147e-06,9.04369e-06,1.52547e-05,2.43911e-05,3.78311e-05,5.76015e-05,8.66842e-05,0.000129465,0.000192398,0.000284972,0.000421151,0.000621473,0.00091615,0.00134963,0.00198728,0.00292528,0.0043051,0.00633485,inf	1458.51,1458.51,2228.91,4683.47,3129.76,2054.81,2295.71,2228.41,1913.99,1774.31,1771.53,1751.17,1622.57,1381.57,1086.46,816.925,657.871,634.808,415.398,415.398
0.000415233	-21672030.24	0,1.95121e-06,4.82147e-06,9.04369e-06,1.52547e-05,2.43911e-05,3.78311e-05,5.76015e-05,8.66842e-05,0.000129465,0.000192398,0.000284972,0.000421151,0.000621473,0.00091615,0.00134963,0.00198728,0.00292528,0.0043051,0.00633485,inf	1490.18,1490.18,2334.87,4780.43,3117.74,2056.73,2316.71,2241.56,1919.2,1777.41,1774.53,1753.73,1623.7,1380.54,1082.54,810.743,651.658,630.808,405.977,405.977
0.00042675	-21669043.37	0,1.95121e-06,4.82147e-06,9.04369e-06,1.52547e-05,2.43911e-05,3.78311e-05,5.76015e-05,8.66842e-05,0.000129465,0.000192398,0.000284972,0.000421151,0.000621473,0.00091615,0.00134963,0.00198728,0.00292528,0.0043051,0.00633485,inf	1522.62,1522.62,2444.44,4872.05,3103.81,2059.49,2337.69,2254.48,1924.4,1780.57,1777.5,1756.13,1624.6,1379.39,1078.73,804.921,645.911,627.251,397.008,397.008
0.000438275	-21666145.29	0,1.95121e-06,4.82147e-06,9.04369e-06,1.52547e-05,2.43911e-05,3.78311e-05,5.76015e-05,8.66842e-05,0.000129465,0.000192398,0.000284972,0.000421151,0.000621473,0.00091615,0.00134963,0.00198728,0.00292528,0.0043051,0.00633485,inf	1556.06,1556.06,2557.43,4958.32,3088.34,2063.07,2358.61,2267.17,1929.59,1783.78,1780.45,1758.39,1625.3,1378.11,1075.01,799.421,640.586,624.094,388.451,388.451
0.000449809	-21663330.97	0,1.95121e-06,4.82147e-06,9.04369e-06,1.52547e-05,2.43911e-05,3.78311e-05,5.76015e-05,8.66842e-05,0.000129465,0.000192398,0.000284972,0.000421151,0.000621473,0.00091615,0.00134963,0.00198728,0.00292528,0.0043051,0.00633485,inf	1590.34,1590.34,2673.55,5039.19,3071.63,2067.45,2379.44,2279.62,1934.75,1787.03,1783.38,1760.52,1625.82,1376.73,1071.38,794.215,635.642,621.301,380.269,380.269
0.00046135	-21660595.81	0,1.95121e-06,4.82147e-06,9.04369e-06,1.52547e-05,2.43911e-05,3.78311e-05,5.76015e-05,8.66842e-05,0.000129465,0.000192398,0.000284972,0.000421151,0.000621473,0.00091615,0.00134963,0.00198728,0.00292528,0.0043051,0.00633485,inf	1625.54,1625.54,2792.73,5114.67,3054,2072.59,2400.14,2291.81,1939.89,1790.32,1786.29,1762.54,1626.18,1375.25,1067.83,789.275,631.045,618.837,372.433,372.433
0.000472899	-21657935.60	0,1.95121e-06,4.82147e-06,9.04369e-06,1.52547e-05,2.43911e-05,3.78311e-05,5.76015e-05,8.66842e-05,0.000129465,0.000192398,0.000284972,0.000421151,0.000621473,0.00091615,0.00134963,0.00198728,0.00292528,0.0043051,0.00633485,inf	1661.66,1661.66,2914.62,5184.75,3035.65,2078.45,2420.69,2303.76,1945,1793.64,1789.2,1764.46,1626.4,1373.67,1064.34,784.579,626.763,616.674,364.916,364.916
0.000484454	-21655346.48	0,1.95121e-06,4.82147e-06,9.04369e-06,1.52547e-05,2.43911e-05,3.78311e-05,5.76015e-05,8.66842e-05,0.000129465,0.000192398,0.000284972,0.000421151,0.000621473,0.00091615,0.00134963,0.00198728,0.00292528,0.0043051,0.00633485,inf	1698.55,1698.55,3039.1,5249.52,3016.88,2085,2441.07,2315.46,1950.06,1796.98,1792.09,1766.3,1626.48,1372.01,1060.91,780.106,622.77,614.788,357.694,357.694
0.000496015	-21652824.95	0,1.95121e-06,4.82147e-06,9.04369e-06,1.52547e-05,2.43911e-05,3.78311e-05,5.76015e-05,8.66842e-05,0.000129465,0.000192398,0.000284972,0.000421151,0.000621473,0.00091615,0.00134963,0.00198728,0.00292528,0.0043051,0.00633485,inf	1736.47,1736.47,3165.92,5309.03,2997.87,2092.22,2461.26,2326.91,1955.08,1800.36,1794.99,1768.06,1626.45,1370.27,1057.54,775.838,619.041,613.156,350.747,350.747
0.000507583	-21650367.70	0,1.95121e-06,4.82147e-06,9.04369e-06,1.52547e-05,2.43911e-05,3.78311e-05,5.76015e-05,8.66842e-05,0.000129465,0.000192398,0.000284972,0.000421151,0.000621473,0.00091615,0.00134963,0.00198728,0.00292528,0.0043051,0.00633485,inf	1775.18,1775.18,3294.95,5363.35,2978.78,2100.07,2481.25,2338.11,1960.05,1803.75,1797.88,1769.76,1626.32,1368.46,1054.23,771.759,615.556,611.757,344.055,344.055
0.000519158	-21647971.76	0,1.95121e-06,4.82147e-06,9.04369e-06,1.52547e-05,2.43911e-05,3.78311e-05,5.76015e-05,8.66842e-05,0.000129465,0.000192398,0.000284972,0.000421151,0.000621473,0.00091615,0.00134963,0.00198728,0.00292528,0.0043051,0.00633485,inf	1814.87,1814.87,3425.98,5412.61,2959.78,2108.51,2501.03,2349.07,1964.97,1807.17,1800.77,1771.4,1626.09,1366.58,1050.96,767.856,612.296,610.576,337.603,337.603
0.000530738	-21645634.32	0,1.95121e-06,4.82147e-06,9.04369e-06,1.52547e-05,2.43911e-05,3.78311e-05,5.76015e-05,8.66842e-05,0.000129465,0.000192398,0.000284972,0.000421151,0.000621473,0.00091615,0.00134963,0.00198728,0.00292528,0.0043051,0.00633485,inf	1855.34,1855.34,3558.85,5456.85,2941,2117.53,2520.58,2359.77,1969.84,1810.59,1803.67,1772.99,1625.77,1364.64,1047.73,764.115,609.243,609.595,331.377,331.377
0.000542324	-21643352.77	0,1.95121e-06,4.82147e-06,9.04369e-06,1.52547e-05,2.43911e-05,3.78311e-05,5.76015e-05,8.66842e-05,0.000129465,0.000192398,0.000284972,0.000421151,0.000621473,0.00091615,0.00134963,0.00198728,0.00292528,0.0043051,0.00633485,inf	1896.74,1896.74,3693.37,5496.29,2922.57,2127.08,2539.9,2370.24,1974.65,1814.03,1806.56,1774.53,1625.38,1362.65,1044.55,760.526,606.382,608.802,325.362,325.362
0.000553915	-21641124.71	0,1.95121e-06,4.82147e-06,9.04369e-06,1.52547e-05,2.43911e-05,3.78311e-05,5.76015e-05,8.66842e-05,0.000129465,0.000192398,0.000284972,0.000421151,0.000621473,0.00091615,0.00134963,0.00198728,0.00292528,0.0043051,0.00633485,inf	1939,1939,3829.3,5531.02,2904.57,2137.13,2558.97,2380.47,1979.41,1817.48,1809.45,1776.03,1624.91,1360.61,1041.41,757.077,603.699,608.183,319.547,319.547
0.000565513	-21638947.89	0,1.95121e-06,4.82147e-06,9.04369e-06,1.52547e-05,2.43911e-05,3.78311e-05,5.76015e-05,8.66842e-05,0.000129465,0.000192398,0.000284972,0.000421151,0.000621473,0.00091615,0.00134963,0.00198728,0.00292528,0.0043051,0.00633485,inf	1982.16,1982.16,3966.52,5561.18,2887.1,2147.66,2577.8,2390.47,1984.11,1820.94,1812.35,1777.49,1624.38,1358.52,1038.31,753.761,601.182,607.727,313.922,313.922
0.000577115	-21636820.20	0,1.95121e-06,4.82147e-06,9.04369e-06,1.52547e-05,2.43911e-05,3.78311e-05,5.76015e-05,8.66842e-05,0.000129465,0.000192398,0.000284972,0.000421151,0.000621473,0.00091615,0.00134963,0.00198728,0.00292528,0.0043051,0.00633485,inf	2026.34,2026.34,4104.81,5586.94,2870.23,2158.65,2596.38,2400.24,1988.75,1824.41,1815.25,1778.92,1623.79,1356.39,1035.25,750.568,598.82,607.424,308.477,308.477
0.000588724	-21634739.67	0,1.95121e-06,4.82147e-06,9.04369e-06,1.52547e-05,2.43911e-05,3.78311e-05,5.76015e-05,8.66842e-05,0.000129465,0.000192398,0.000284972,0.000421151,0.000621473,0.00091615,0.00134963,0.00198728,0.00292528,0.0043051,0.00633485,inf	2071.44,2071.44,4243.95,5608.43,2854,2170.05,2614.71,2409.79,1993.33,1827.88,1818.15,1780.32,1623.15,1354.23,1032.22,747.491,596.602,607.265,303.203,303.203
0.000600338	-21632704.47	0,1.95121e-06,4.82147e-06,9.04369e-06,1.52547e-05,2.43911e-05,3.78311e-05,5.76015e-05,8.66842e-05,0.000129465,0.000192398,0.000284972,0.000421151,0.000621473,0.00091615,0.00134963,0.00198728,0.00292528,0.0043051,0.00633485,inf	2117.47,2117.47,4383.76,5625.9,2838.5,2181.86,2632.79,2419.13,1997.86,1831.35,1821.05,1781.68,1622.45,1352.03,1029.22,744.522,594.519,607.241,298.093,298.093
0.000611957	-21630712.88	0,1.95121e-06,4.82147e-06,9.04369e-06,1.52547e-05,2.43911e-05,3.78311e-05,5.76015e-05,8.66842e-05,0.000129465,0.000192398,0.000284972,0.000421151,0.000621473,0.00091615,0.00134963,0.00198728,0.00292528,0.0043051,0.00633485,inf	2164.39,2164.39,4524.05,5639.44,2823.73,2194.04,2650.61,2428.25,2002.33,1834.83,1823.96,1783.02,1621.71,1349.79,1026.26,741.656,592.562,607.345,293.138,293.138
0.000623581	-21628763.27	0,1.95121e-06,4.82147e-06,9.04369e-06,1.52547e-05,2.43911e-05,3.78311e-05,5.76015e-05,8.66842e-05,0.000129465,0.000192398,0.000284972,0.000421151,0.000621473,0.00091615,0.00134963,0.00198728,0.00292528,0.0043051,0.00633485,inf	2212.31,2212.31,4664.61,5649.26,2809.73,2206.57,2668.19,2437.16,2006.75,1838.31,1826.87,1784.34,1620.92,1347.53,1023.33,738.887,590.723,607.568,288.332,288.332
0.00063521	-21626854.12	0,1.95121e-06,4.82147e-06,9.04369e-06,1.52547e-05,2.43911e-05,3.78311e-05,5.76015e-05,8.66842e-05,0.000129465,0.000192398,0.000284972,0.000421151,0.000621473,0.00091615,0.00134963,0.00198728,0.00292528,0.0043051,0.00633485,inf	2261.29,2261.29,4805.22,5655.58,2796.55,2219.43,2685.51,2445.87,2011.11,1841.8,1829.77,1785.64,1620.1,1345.24,1020.43,736.209,588.995,607.905,283.67,283.67
0.000646844	-21624983.96	0,1.95121e-06,4.82147e-06,9.04369e-06,1.52547e-05,2.43911e-05,3.78311e-05,5.76015e-05,8.66842e-05,0.000129465,0.000192398,0.000284972,0.000421151,0.000621473,0.00091615,0.00134963,0.00198728,0.00292528,0.0043051,0.00633485,inf	2311.19,2311.19,4945.65,5658.53,2784.18,2232.59,2702.58,2454.39,2015.42,1845.28,1832.68,1786.91,1619.24,1342.92,1017.56,733.617,587.371,608.35,279.144,279.144
