0.000157571	-20060368.46	0,1.88718e-06,4.66327e-06,8.74695e-06,1.47541e-05,2.35908e-05,3.65897e-05,5.57114e-05,8.38399e-05,0.000125217,0.000186085,0.000275621,0.000407332,0.000601081,0.00088609,0.00130534,0.00192207,0.0028293,0.00416384,0.00612699,inf	1307.29,1307.29,2017.1,2417.95,2328.59,2174.55,2011.92,1881.12,1784.94,1715.19,1663.88,1626.7,1597.48,1566.02,1529.81,1493.97,1460.4,1435.33,1433.35,1433.35
0.000165871	-20046459.16	0,1.88718e-06,4.66327e-06,8.74695e-06,1.47541e-05,2.35908e-05,3.65897e-05,5.57114e-05,8.38399e-05,0.000125217,0.000186085,0.000275621,0.000407332,0.000601081,0.00088609,0.00130534,0.00192207,0.0028293,0.00416384,0.00612699,inf	881.949,881.949,2004.77,2834.32,2709.71,2469.67,2210.96,2006.56,1857.6,1749.82,1670.5,1612.56,1563.91,1505.61,1436.2,1369.6,1312.98,1280.57,1292.3,1292.3
0.000174822	-20035468.85	0,1.88718e-06,4.66327e-06,8.74695e-06,1.47541e-05,2.35908e-05,3.65897e-05,5.57114e-05,8.38399e-05,0.000125217,0.000186085,0.000275621,0.000407332,0.000601081,0.00088609,0.00130534,0.00192207,0.0028293,0.00416384,0.00612699,inf	592.933,592.933,1882.43,3060.66,2916.3,2632.73,2321.6,2079.2,1903.19,1775.67,1681.6,1612.31,1550.1,1468.38,1368.79,1275.43,1201.79,1168.8,1195.86,1195.86
0.000184226	-20026223.93	0,1.88718e-06,4.66327e-06,8.74695e-06,1.47541e-05,2.35908e-05,3.65897e-05,5.57114e-05,8.38399e-05,0.000125217,0.000186085,0.000275621,0.000407332,0.000601081,0.00088609,0.00130534,0.00192207,0.0028293,0.00416384,0.00612699,inf	418.181,418.181,1762.59,3210.28,3034.83,2724.95,2383.72,2122.3,1933.03,1795.79,1694.52,1619.55,1547.8,1445.62,1318.79,1202.03,1115.15,1084.27,1125.35,1125.35
0.000193951	-20018145.20	0,1.88718e-06,4.66327e-06,8.74695e-06,1.47541e-05,2.35908e-05,3.65897e-05,5.57114e-05,8.38399e-05,0.000125217,0.000186085,0.000275621,0.000407332,0.000601081,0.00088609,0.00130534,0.00192207,0.0028293,0.00416384,0.00612699,inf	313.271,313.271,1677.38,3339.9,3112.6,2780.77,2419.67,2148.65,1953.17,1811.54,1707.37,1630.29,1551.97,1431.98,1280.71,1143.39,1045.82,1018.06,1071.37,1071.37
0.000203909	-20010912.08	0,1.88718e-06,4.66327e-06,8.74695e-06,1.47541e-05,2.35908e-05,3.65897e-05,5.57114e-05,8.38399e-05,0.000125217,0.000186085,0.000275621,0.000407332,0.000601081,0.00088609,0.00130534,0.00192207,0.0028293,0.00416384,0.00612699,inf	248.58,248.58,1630.16,3472.71,3172.12,2817.94,2441.53,2165.37,1967.08,1823.8,1719.15,1642.21,1559.55,1424.11,1250.97,1095.52,989.112,964.764,1028.63,1028.63
0.00021404	-20004328.79	0,1.88718e-06,4.66327e-06,8.74695e-06,1.47541e-05,2.35908e-05,3.65897e-05,5.57114e-05,8.38399e-05,0.000125217,0.000186085,0.000275621,0.000407332,0.000601081,0.00088609,0.00130534,0.00192207,0.0028293,0.00416384,0.00612699,inf	207.271,207.271,1616.42,3616.05,3223.27,2845.4,2455.84,2176.57,1976.97,1833.33,1729.47,1654.06,1568.73,1419.92,1227.21,1055.72,941.85,920.889,993.914,993.914
0.000224298	-19998266.10	0,1.88718e-06,4.66327e-06,8.74695e-06,1.47541e-05,2.35908e-05,3.65897e-05,5.57114e-05,8.38399e-05,0.000125217,0.000186085,0.000275621,0.000407332,0.000601081,0.00088609,0.00130534,0.00192207,0.0028293,0.00416384,0.00612699,inf	179.996,179.996,1630.68,3770.27,3269.92,2867.5,2466.15,2184.62,1984.26,1840.76,1738.28,1665.22,1578.44,1418.05,1207.83,1022.07,901.834,884.099,965.125,965.125
0.000234654	-19992633.48	0,1.88718e-06,4.66327e-06,8.74695e-06,1.47541e-05,2.35908e-05,3.65897e-05,5.57114e-05,8.38399e-05,0.000125217,0.000186085,0.000275621,0.000407332,0.000601081,0.00088609,0.00130534,0.00192207,0.0028293,0.00416384,0.00612699,inf	161.513,161.513,1668.39,3932.99,3313.31,2886.41,2474.45,2190.97,1989.93,1846.63,1745.72,1675.44,1588.07,1417.62,1191.71,993.227,867.487,852.768,940.843,940.843
0.000245081	-19987364.62	0,1.88718e-06,4.66327e-06,8.74695e-06,1.47541e-05,2.35908e-05,3.65897e-05,5.57114e-05,8.38399e-05,0.000125217,0.000186085,0.000275621,0.000407332,0.000601081,0.00088609,0.00130534,0.00192207,0.0028293,0.00416384,0.00612699,inf	148.755,148.755,1726.21,4100.98,3353.6,2903.19,2481.83,2196.52,1994.63,1851.38,1751.99,1684.63,1597.28,1418.05,1178.04,968.175,837.653,825.729,920.067,920.067
0.000255564	-19982409.13	0,1.88718e-06,4.66327e-06,8.74695e-06,1.47541e-05,2.35908e-05,3.65897e-05,5.57114e-05,8.38399e-05,0.000125217,0.000186085,0.000275621,0.000407332,0.000601081,0.00088609,0.00130534,0.00192207,0.0028293,0.00416384,0.00612699,inf	139.894,139.894,1801.72,4270.99,3390.59,2918.37,2488.91,2201.75,1998.79,1855.33,1757.29,1692.84,1605.9,1418.96,1166.27,946.17,811.465,802.124,902.073,902.073
0.000266087	-19977727.55	0,1.88718e-06,4.66327e-06,8.74695e-06,1.47541e-05,2.35908e-05,3.65897e-05,5.57114e-05,8.38399e-05,0.000125217,0.000186085,0.000275621,0.000407332,0.000601081,0.00088609,0.00130534,0.00192207,0.0028293,0.00416384,0.00612699,inf	133.805,133.805,1893.31,4440.11,3424.11,2932.24,2496.04,2206.99,2002.7,1858.75,1761.8,1700.14,1613.85,1420.11,1155.96,926.643,788.265,781.31,886.319,886.319
0.000276641	-19973288.29	0,1.88718e-06,4.66327e-06,8.74695e-06,1.47541e-05,2.35908e-05,3.65897e-05,5.57114e-05,8.38399e-05,0.000125217,0.000186085,0.000275621,0.000407332,0.000601081,0.00088609,0.00130534,0.00192207,0.0028293,0.00416384,0.00612699,inf	129.736,129.736,1999.87,4605.85,3454.02,2944.99,2503.39,2212.41,2006.55,1861.8,1765.69,1706.63,1621.11,1421.33,1146.81,909.156,767.541,762.794,872.396,872.396
0.000287215	-19969065.52	0,1.88718e-06,4.66327e-06,8.74695e-06,1.47541e-05,2.35908e-05,3.65897e-05,5.57114e-05,8.38399e-05,0.000125217,0.000186085,0.000275621,0.000407332,0.000601081,0.00088609,0.00130534,0.00192207,0.0028293,0.00416384,0.00612699,inf	127.205,127.205,2120.56,4766.15,3480.27,2956.74,2511.03,2218.1,2010.45,1864.63,1769.08,1712.4,1627.71,1422.51,1138.57,893.365,748.891,746.192,859.985,859.985
0.000297803	-19965037.76	0,1.88718e-06,4.66327e-06,8.74695e-06,1.47541e-05,2.35908e-05,3.65897e-05,5.57114e-05,8.38399e-05,0.000125217,0.000186085,0.000275621,0.000407332,0.000601081,0.00088609,0.00130534,0.00192207,0.0028293,0.00416384,0.00612699,inf	125.922,125.922,2254.69,4919.41,3502.98,2967.63,2519.02,2224.08,2014.47,1867.32,1772.09,1717.57,1633.67,1423.59,1131.07,879.001,731.997,731.202,848.838,848.838
0.0003084	-19961186.89	0,1.88718e-06,4.66327e-06,8.74695e-06,1.47541e-05,2.35908e-05,3.65897e-05,5.57114e-05,8.38399e-05,0.000125217,0.000186085,0.000275621,0.000407332,0.000601081,0.00088609,0.00130534,0.00192207,0.0028293,0.00416384,0.00612699,inf	125.641,125.641,2401.74,5064.39,3522.3,2977.76,2527.35,2230.37,2018.64,1869.95,1774.81,1722.19,1639.05,1424.53,1124.16,865.847,716.602,717.583,838.755,838.755
0.000318999	-19957497.46	0,1.88718e-06,4.66327e-06,8.74695e-06,1.47541e-05,2.35908e-05,3.65897e-05,5.57114e-05,8.38399e-05,0.000125217,0.000186085,0.000275621,0.000407332,0.000601081,0.00088609,0.00130534,0.00192207,0.0028293,0.00416384,0.00612699,inf	126.249,126.249,2561.16,5200.19,3538.45,2987.27,2536.01,2236.96,2022.97,1872.55,1777.3,1726.37,1643.89,1425.29,1117.75,853.728,702.496,705.138,829.577,829.577
0.000329599	-19953956.13	0,1.88718e-06,4.66327e-06,8.74695e-06,1.47541e-05,2.35908e-05,3.65897e-05,5.57114e-05,8.38399e-05,0.000125217,0.000186085,0.000275621,0.000407332,0.000601081,0.00088609,0.00130534,0.00192207,0.0028293,0.00416384,0.00612699,inf	127.607,127.607,2732.39,5326.17,3551.67,2996.22,2544.97,2243.82,2027.47,1875.16,1779.62,1730.15,1648.23,1425.88,1111.74,842.501,689.509,693.708,821.174,821.174
0.000340195	-19950551.28	0,1.88718e-06,4.66327e-06,8.74695e-06,1.47541e-05,2.35908e-05,3.65897e-05,5.57114e-05,8.38399e-05,0.000125217,0.000186085,0.000275621,0.000407332,0.000601081,0.00088609,0.00130534,0.00192207,0.0028293,0.00416384,0.00612699,inf	129.664,129.664,2914.73,5442.01,3562.25,3004.75,2554.22,2250.92,2032.12,1877.8,1781.81,1733.6,1652.13,1426.28,1106.06,832.05,677.497,683.162,813.438,813.438
0.000350784	-19947272.70	0,1.88718e-06,4.66327e-06,8.74695e-06,1.47541e-05,2.35908e-05,3.65897e-05,5.57114e-05,8.38399e-05,0.000125217,0.000186085,0.000275621,0.000407332,0.000601081,0.00088609,0.00130534,0.00192207,0.0028293,0.00416384,0.00612699,inf	132.4,132.4,3107.45,5547.54,3570.45,3012.95,2563.73,2258.23,2036.91,1880.47,1783.9,1736.76,1655.63,1426.5,1100.67,822.277,666.344,673.389,806.28,806.28
0.000361365	-19944111.44	0,1.88718e-06,4.66327e-06,8.74695e-06,1.47541e-05,2.35908e-05,3.65897e-05,5.57114e-05,8.38399e-05,0.000125217,0.000186085,0.000275621,0.000407332,0.000601081,0.00088609,0.00130534,0.00192207,0.0028293,0.00416384,0.00612699,inf	135.782,135.782,3309.82,5642.75,3576.54,3020.9,2573.45,2265.72,2041.84,1883.18,1785.93,1739.68,1658.76,1426.55,1095.52,813.101,655.948,664.298,799.627,799.627
0.000371935	-19941059.49	0,1.88718e-06,4.66327e-06,8.74695e-06,1.47541e-05,2.35908e-05,3.65897e-05,5.57114e-05,8.38399e-05,0.000125217,0.000186085,0.000275621,0.000407332,0.000601081,0.00088609,0.00130534,0.00192207,0.0028293,0.00416384,0.00612699,inf	139.837,139.837,3520.99,5727.88,3580.79,3028.7,2583.36,2273.36,2046.86,1885.93,1787.91,1742.39,1661.57,1426.44,1090.58,804.455,646.226,655.811,793.416,793.416
0.000382492	-19938109.71	0,1.88718e-06,4.66327e-06,8.74695e-06,1.47541e-05,2.35908e-05,3.65897e-05,5.57114e-05,8.38399e-05,0.000125217,0.000186085,0.000275621,0.000407332,0.000601081,0.00088609,0.00130534,0.00192207,0.0028293,0.00416384,0.00612699,inf	144.562,144.562,3740.09,5803.15,3583.45,3036.38,2593.44,2281.11,2051.98,1888.72,1789.86,1744.92,1664.08,1426.16,1085.82,796.281,637.105,647.862,787.594,787.594
0.000393035	-19935255.64	0,1.88718e-06,4.66327e-06,8.74695e-06,1.47541e-05,2.35908e-05,3.65897e-05,5.57114e-05,8.38399e-05,0.000125217,0.000186085,0.000275621,0.000407332,0.000601081,0.00088609,0.00130534,0.00192207,0.0028293,0.00416384,0.00612699,inf	149.989,149.989,3966.25,5869,3584.73,3044.03,2603.65,2288.95,2057.16,1891.54,1791.78,1747.29,1666.33,1425.75,1081.21,788.529,628.525,640.394,782.116,782.116
0.000403563	-19932491.52	0,1.88718e-06,4.66327e-06,8.74695e-06,1.47541e-05,2.35908e-05,3.65897e-05,5.57114e-05,8.38399e-05,0.000125217,0.000186085,0.000275621,0.000407332,0.000601081,0.00088609,0.00130534,0.00192207,0.0028293,0.00416384,0.00612699,inf	156.177,156.177,4198.59,5925.91,3584.85,3051.71,2613.98,2296.87,2062.41,1894.4,1793.71,1749.54,1668.34,1425.19,1076.74,781.158,620.43,633.36,776.945,776.945
0.000414074	-19929812.07	0,1.88718e-06,4.66327e-06,8.74695e-06,1.47541e-05,2.35908e-05,3.65897e-05,5.57114e-05,8.38399e-05,0.000125217,0.000186085,0.000275621,0.000407332,0.000601081,0.00088609,0.00130534,0.00192207,0.0028293,0.00416384,0.00612699,inf	163.142,163.142,4436.21,5974.28,3583.99,3059.43,2624.39,2304.82,2067.69,1897.29,1795.63,1751.68,1670.14,1424.52,1072.39,774.132,612.777,626.716,772.046,772.046
0.000424568	-19927212.55	0,1.88718e-06,4.66327e-06,8.74695e-06,1.47541e-05,2.35908e-05,3.65897e-05,5.57114e-05,8.38399e-05,0.000125217,0.000186085,0.000275621,0.000407332,0.000601081,0.00088609,0.00130534,0.00192207,0.0028293,0.00416384,0.00612699,inf	170.962,170.962,4678.17,6014.72,3582.34,3067.25,2634.88,2312.8,2072.99,1900.21,1797.55,1753.72,1671.75,1423.72,1068.16,767.419,605.524,620.426,767.392,767.392
0.000435044	-19924688.55	0,1.88718e-06,4.66327e-06,8.74695e-06,1.47541e-05,2.35908e-05,3.65897e-05,5.57114e-05,8.38399e-05,0.000125217,0.000186085,0.000275621,0.000407332,0.000601081,0.00088609,0.00130534,0.00192207,0.0028293,0.00416384,0.00612699,inf	179.698,179.698,4923.69,6047.77,3580.02,3075.19,2645.4,2320.79,2078.3,1903.15,1799.48,1755.68,1673.19,1422.82,1064.02,760.992,598.636,614.458,762.957,762.957
0.000445501	-19922236.10	0,1.88718e-06,4.66327e-06,8.74695e-06,1.47541e-05,2.35908e-05,3.65897e-05,5.57114e-05,8.38399e-05,0.000125217,0.000186085,0.000275621,0.000407332,0.000601081,0.00088609,0.00130534,0.00192207,0.0028293,0.00416384,0.00612699,inf	189.412,189.412,5172.07,6073.91,3577.18,3083.27,2655.96,2328.76,2083.61,1906.1,1801.42,1757.57,1674.47,1421.83,1059.97,754.827,592.082,608.784,758.72,758.72
0.000455938	-19919851.48	0,1.88718e-06,4.66327e-06,8.74695e-06,1.47541e-05,2.35908e-05,3.65897e-05,5.57114e-05,8.38399e-05,0.000125217,0.000186085,0.000275621,0.000407332,0.000601081,0.00088609,0.00130534,0.00192207,0.0028293,0.00416384,0.00612699,inf	200.19,200.19,5422.46,6093.72,3573.93,3091.5,2666.52,2336.71,2088.91,1909.07,1803.38,1759.4,1675.61,1420.74,1056.01,748.904,585.835,603.38,754.662,754.662
0.000466354	-19917531.35	0,1.88718e-06,4.66327e-06,8.74695e-06,1.47541e-05,2.35908e-05,3.65897e-05,5.57114e-05,8.38399e-05,0.000125217,0.000186085,0.000275621,0.000407332,0.000601081,0.00088609,0.00130534,0.00192207,0.0028293,0.00416384,0.00612699,inf	212.099,212.099,5674.2,6107.69,3570.38,3099.89,2677.07,2344.62,2094.19,1912.05,1805.35,1761.17,1676.62,1419.58,1052.12,743.203,579.87,598.223,750.765,750.765
0.00047675	-19915272.55	0,1.88718e-06,4.66327e-06,8.74695e-06,1.47541e-05,2.35908e-05,3.65897e-05,5.57114e-05,8.38399e-05,0.000125217,0.000186085,0.000275621,0.000407332,0.000601081,0.00088609,0.00130534,0.00192207,0.0028293,0.00416384,0.00612699,inf	225.235,225.235,5926.66,6116.33,3566.61,3108.45,2687.61,2352.48,2099.44,1915.03,1807.34,1762.9,1677.52,1418.34,1048.3,737.709,574.167,593.293,747.016,747.016
0.000487125	-19913072.18	0,1.88718e-06,4.66327e-06,8.74695e-06,1.47541e-05,2.35908e-05,3.65897e-05,5.57114e-05,8.38399e-05,0.000125217,0.000186085,0.000275621,0.000407332,0.000601081,0.00088609,0.00130534,0.00192207,0.0028293,0.00416384,0.00612699,inf	239.652,239.652,6179.17,6120.09,3562.69,3117.19,2698.1,2360.28,2104.65,1918.02,1809.35,1764.6,1678.32,1417.03,1044.56,732.408,568.705,588.574,743.401,743.401
0.000497478	-19910927.56	0,1.88718e-06,4.66327e-06,8.74695e-06,1.47541e-05,2.35908e-05,3.65897e-05,5.57114e-05,8.38399e-05,0.000125217,0.000186085,0.000275621,0.000407332,0.000601081,0.00088609,0.00130534,0.00192207,0.0028293,0.00416384,0.00612699,inf	255.419,255.419,6431.26,6119.43,3558.71,3126.11,2708.55,2368.01,2109.82,1921.01,1811.37,1766.26,1679.02,1415.66,1040.87,727.284,563.467,584.05,739.909,739.909
0.000507809	-19908836.16	0,1.88718e-06,4.66327e-06,8.74695e-06,1.47541e-05,2.35908e-05,3.65897e-05,5.57114e-05,8.38399e-05,0.000125217,0.000186085,0.000275621,0.000407332,0.000601081,0.00088609,0.00130534,0.00192207,0.0028293,0.00416384,0.00612699,inf	272.622,272.622,6682.35,6114.75,3554.7,3135.18,2718.94,2375.67,2114.94,1923.99,1813.42,1767.89,1679.64,1414.24,1037.24,722.328,558.438,579.707,736.53,736.53
0.000518118	-19906795.65	0,1.88718e-06,4.66327e-06,8.74695e-06,1.47541e-05,2.35908e-05,3.65897e-05,5.57114e-05,8.38399e-05,0.000125217,0.000186085,0.000275621,0.000407332,0.000601081,0.00088609,0.00130534,0.00192207,0.0028293,0.00416384,0.00612699,inf	291.31,291.31,6932.01,6106.45,3550.72,3144.43,2729.27,2383.24,2120.01,1926.98,1815.48,1769.5,1680.18,1412.77,1033.67,717.529,553.604,575.532,733.253,733.253
0.000528404	-19904803.84	0,1.88718e-06,4.66327e-06,8.74695e-06,1.47541e-05,2.35908e-05,3.65897e-05,5.57114e-05,8.38399e-05,0.000125217,0.000186085,0.000275621,0.000407332,0.000601081,0.00088609,0.00130534,0.00192207,0.0028293,0.00416384,0.00612699,inf	311.551,311.551,7179.83,6094.89,3546.81,3153.83,2739.53,2390.72,2125.02,1929.96,1817.56,1771.09,1680.66,1411.25,1030.15,712.877,548.952,571.514,730.072,730.072
0.000538668	-19902858.69	0,1.88718e-06,4.66327e-06,8.74695e-06,1.47541e-05,2.35908e-05,3.65897e-05,5.57114e-05,8.38399e-05,0.000125217,0.000186085,0.000275621,0.000407332,0.000601081,0.00088609,0.00130534,0.00192207,0.0028293,0.00416384,0.00612699,inf	333.402,333.402,7425.46,6080.4,3543.01,3163.39,2749.69,2398.13,2129.98,1932.94,1819.66,1772.66,1681.07,1409.69,1026.69,708.364,544.47,567.643,726.979,726.979
0.000548908	-19900958.28	0,1.88718e-06,4.66327e-06,8.74695e-06,1.47541e-05,2.35908e-05,3.65897e-05,5.57114e-05,8.38399e-05,0.000125217,0.000186085,0.000275621,0.000407332,0.000601081,0.00088609,0.00130534,0.00192207,0.0028293,0.00416384,0.00612699,inf	356.94,356.94,7668.55,6063.3,3539.34,3173.1,2759.77,2405.43,2134.87,1935.91,1821.78,1774.21,1681.42,1408.09,1023.27,703.982,540.148,563.909,723.967,723.967
0.000559126	-19899100.80	0,1.88718e-06,4.66327e-06,8.74695e-06,1.47541e-05,2.35908e-05,3.65897e-05,5.57114e-05,8.38399e-05,0.000125217,0.000186085,0.000275621,0.000407332,0.000601081,0.00088609,0.00130534,0.00192207,0.0028293,0.00416384,0.00612699,inf	382.183,382.183,7908.7,6043.89,3535.85,3182.95,2769.76,2412.63,2139.7,1938.87,1823.91,1775.76,1681.71,1406.47,1019.91,699.723,535.977,560.304,721.029,721.029
0.00056932	-19897284.58	0,1.88718e-06,4.66327e-06,8.74695e-06,1.47541e-05,2.35908e-05,3.65897e-05,5.57114e-05,8.38399e-05,0.000125217,0.000186085,0.000275621,0.000407332,0.000601081,0.00088609,0.00130534,0.00192207,0.0028293,0.00416384,0.00612699,inf	409.222,409.222,8145.73,6022.41,3532.52,3192.92,2779.65,2419.74,2144.46,1941.83,1826.07,1777.29,1681.96,1404.81,1016.59,695.582,531.947,556.821,718.162,718.162
