0.000158929	-21370971.88	0,1.91086e-06,4.72177e-06,8.85668e-06,1.49392e-05,2.38868e-05,3.70488e-05,5.64104e-05,8.48917e-05,0.000126788,0.000188419,0.000279079,0.000412442,0.000608622,0.000897206,0.00132172,0.00194619,0.00286479,0.00421608,0.00620385,inf	1747.07,1747.07,2271.49,2312.75,2120.47,1918,1778.25,1704.91,1656.39,1628.52,1610.45,1594,1572.76,1542.96,1509.04,1469.89,1413.5,1332.28,1178.64,1178.64
0.000166949	-21355965.87	0,1.91086e-06,4.72177e-06,8.85668e-06,1.49392e-05,2.38868e-05,3.70488e-05,5.64104e-05,8.48917e-05,0.000126788,0.000188419,0.000279079,0.000412442,0.000608622,0.000897206,0.00132172,0.00194619,0.00286479,0.00421608,0.00620385,inf	1587.57,1587.57,2586.23,2750,2425.61,2081.66,1860,1750,1676.41,1636.12,1610.06,1583.31,1543.77,1485.26,1418.5,1345.49,1252.68,1139.72,949.003,949.003
0.000175762	-21344103.98	0,1.91086e-06,4.72177e-06,8.85668e-06,1.49392e-05,2.38868e-05,3.70488e-05,5.64104e-05,8.48917e-05,0.000126788,0.000188419,0.000279079,0.000412442,0.000608622,0.000897206,0.00132172,0.00194619,0.00286479,0.00421608,0.00620385,inf	1401.66,1401.66,2718.11,3024.02,2612.88,2172.36,1905.56,1779.33,1693.76,1650.17,1622.75,1590.62,1536.33,1451.9,1355.17,1252.99,1134.8,1008.87,799.152,799.152
0.00018513	-21334137.82	0,1.91086e-06,4.72177e-06,8.85668e-06,1.49392e-05,2.38868e-05,3.70488e-05,5.64104e-05,8.48917e-05,0.000126788,0.000188419,0.000279079,0.000412442,0.000608622,0.000897206,0.00132172,0.00194619,0.00286479,0.00421608,0.00620385,inf	1261.3,1261.3,2774.15,3208.32,2732.18,2221,1929.87,1797.38,1706.38,1664.42,1639.65,1605.78,1540.07,1433,1309.65,1182.41,1045.56,914.801,688.624,688.624
0.00019491	-21325463.30	0,1.91086e-06,4.72177e-06,8.85668e-06,1.49392e-05,2.38868e-05,3.70488e-05,5.64104e-05,8.48917e-05,0.000126788,0.000188419,0.000279079,0.000412442,0.000608622,0.000897206,0.00132172,0.00194619,0.00286479,0.00421608,0.00620385,inf	1170.93,1170.93,2810.64,3349.48,2815.29,2247.28,1943.05,1808.36,1714.76,1676.77,1656.83,1623.68,1549.4,1422.91,1276.25,1127.47,976.407,844.663,601.126,601.126
0.000205019	-21317743.83	0,1.91086e-06,4.72177e-06,8.85668e-06,1.49392e-05,2.38868e-05,3.70488e-05,5.64104e-05,8.48917e-05,0.000126788,0.000188419,0.000279079,0.000412442,0.000608622,0.000897206,0.00132172,0.00194619,0.00286479,0.00421608,0.00620385,inf	1118.49,1118.49,2851.89,3471.58,2879.6,2262.43,1951.18,1815.39,1720.05,1686.84,1672.71,1641.8,1561.21,1418.25,1251.35,1084.08,921.926,791.116,528.722,528.722
0.000215405	-21310773.61	0,1.91086e-06,4.72177e-06,8.85668e-06,1.49392e-05,2.38868e-05,3.70488e-05,5.64104e-05,8.48917e-05,0.000126788,0.000188419,0.000279079,0.000412442,0.000608622,0.000897206,0.00132172,0.00194619,0.00286479,0.00421608,0.00620385,inf	1091.92,1091.92,2906.72,3585.6,2933.81,2272.42,1957.67,1820.46,1723.33,1694.93,1686.81,1658.96,1573.79,1416.95,1232.59,1049.44,878.514,749.656,467.163,467.163
0.000226041	-21304420.90	0,1.91086e-06,4.72177e-06,8.85668e-06,1.49392e-05,2.38868e-05,3.70488e-05,5.64104e-05,8.48917e-05,0.000126788,0.000188419,0.000279079,0.000412442,0.000608622,0.000897206,0.00132172,0.00194619,0.00286479,0.00421608,0.00620385,inf	1082.14,1082.14,2977.27,3695.75,2981.92,2280.34,1964.3,1824.81,1725.46,1701.49,1699.15,1674.68,1586.17,1417.68,1218.32,1021.58,843.7,717.375,414.099,414.099
0.000236916	-21298600.25	0,1.91086e-06,4.72177e-06,8.85668e-06,1.49392e-05,2.38868e-05,3.70488e-05,5.64104e-05,8.48917e-05,0.000126788,0.000188419,0.000279079,0.000412442,0.000608622,0.000897206,0.00132172,0.00194619,0.00286479,0.00421608,0.00620385,inf	1083.13,1083.13,3063.37,3803.03,3025.66,2287.71,1971.92,1829.14,1727.05,1706.99,1709.93,1688.83,1597.85,1419.58,1207.41,999.081,815.735,692.329,368.226,368.226
0.000248024	-21293255.09	0,1.91086e-06,4.72177e-06,8.85668e-06,1.49392e-05,2.38868e-05,3.70488e-05,5.64104e-05,8.48917e-05,0.000126788,0.000188419,0.000279079,0.000412442,0.000608622,0.000897206,0.00132172,0.00194619,0.00286479,0.00421608,0.00620385,inf	1091.27,1091.27,3164.04,3907.19,3065.7,2295.24,1980.85,1833.8,1728.52,1711.77,1719.43,1701.45,1608.56,1422.08,1199.03,980.881,793.338,673.176,328.805,328.805
0.000259357	-21288343.53	0,1.91086e-06,4.72177e-06,8.85668e-06,1.49392e-05,2.38868e-05,3.70488e-05,5.64104e-05,8.48917e-05,0.000126788,0.000188419,0.000279079,0.000412442,0.000608622,0.000897206,0.00132172,0.00194619,0.00286479,0.00421608,0.00620385,inf	1104.33,1104.33,3278.13,4007.52,3102.2,2303.23,1991.15,1838.96,1730.11,1716.13,1727.87,1712.62,1618.17,1424.77,1192.53,966.154,775.526,658.963,295.321,295.321
0.000270901	-21283825.75	0,1.91086e-06,4.72177e-06,8.85668e-06,1.49392e-05,2.38868e-05,3.70488e-05,5.64104e-05,8.48917e-05,0.000126788,0.000188419,0.000279079,0.000412442,0.000608622,0.000897206,0.00132172,0.00194619,0.00286479,0.00421608,0.00620385,inf	1120.98,1120.98,3404.55,4103.23,3135.26,2311.78,2002.69,1844.63,1731.95,1720.25,1735.43,1722.46,1626.6,1427.36,1187.4,954.22,761.507,648.969,267.277,267.277
0.000282636	-21279655.48	0,1.91086e-06,4.72177e-06,8.85668e-06,1.49392e-05,2.38868e-05,3.70488e-05,5.64104e-05,8.48917e-05,0.000126788,0.000188419,0.000279079,0.000412442,0.000608622,0.000897206,0.00132172,0.00194619,0.00286479,0.00421608,0.00620385,inf	1140.59,1140.59,3542.14,4193.65,3164.86,2320.89,2015.3,1850.78,1734.11,1724.26,1742.29,1731.09,1633.83,1429.6,1183.21,944.5,750.603,642.603,244.091,244.091
0.000294535	-21275778.25	0,1.91086e-06,4.72177e-06,8.85668e-06,1.49392e-05,2.38868e-05,3.70488e-05,5.64104e-05,8.48917e-05,0.000126788,0.000188419,0.000279079,0.000412442,0.000608622,0.000897206,0.00132172,0.00194619,0.00286479,0.00421608,0.00620385,inf	1162.82,1162.82,3689.77,4278.24,3191.08,2330.52,2028.8,1857.34,1736.62,1728.24,1748.57,1738.61,1639.87,1431.32,1179.61,936.492,742.22,639.339,225.099,225.099
0.000306566	-21272136.09	0,1.91086e-06,4.72177e-06,8.85668e-06,1.49392e-05,2.38868e-05,3.70488e-05,5.64104e-05,8.48917e-05,0.000126788,0.000188419,0.000279079,0.000412442,0.000608622,0.000897206,0.00132172,0.00194619,0.00286479,0.00421608,0.00620385,inf	1187.73,1187.73,3846.23,4356.66,3213.98,2340.62,2042.99,1864.24,1739.49,1732.27,1754.38,1745.13,1644.76,1432.4,1176.31,929.76,735.829,638.68,209.616,209.616
0.0003187	-21268675.33	0,1.91086e-06,4.72177e-06,8.85668e-06,1.49392e-05,2.38868e-05,3.70488e-05,5.64104e-05,8.48917e-05,0.000126788,0.000188419,0.000279079,0.000412442,0.000608622,0.000897206,0.00132172,0.00194619,0.00286479,0.00421608,0.00620385,inf	1215.42,1215.42,4010.26,4428.71,3233.73,2351.16,2057.72,1871.43,1742.72,1736.42,1759.82,1750.78,1648.55,1432.78,1173.07,923.943,730.971,640.159,196.994,196.994
0.000330912	-21265352.09	0,1.91086e-06,4.72177e-06,8.85668e-06,1.49392e-05,2.38868e-05,3.70488e-05,5.64104e-05,8.48917e-05,0.000126788,0.000188419,0.000279079,0.000412442,0.000608622,0.000897206,0.00132172,0.00194619,0.00286479,0.00421608,0.00620385,inf	1245.75,1245.75,4180.56,4494.38,3250.52,2362.07,2072.82,1878.85,1746.31,1740.71,1765.01,1755.69,1651.36,1432.44,1169.74,918.75,727.256,643.346,186.664,186.664
0.00034318	-21262134.51	0,1.91086e-06,4.72177e-06,8.85668e-06,1.49392e-05,2.38868e-05,3.70488e-05,5.64104e-05,8.48917e-05,0.000126788,0.000188419,0.000279079,0.000412442,0.000608622,0.000897206,0.00132172,0.00194619,0.00286479,0.00421608,0.00620385,inf	1278.91,1278.91,4355.88,4553.68,3264.54,2373.33,2088.16,1886.45,1750.26,1745.2,1770.03,1759.99,1653.28,1431.39,1166.21,913.956,724.369,647.863,178.151,178.151
0.000355485	-21259001.66	0,1.91086e-06,4.72177e-06,8.85668e-06,1.49392e-05,2.38868e-05,3.70488e-05,5.64104e-05,8.48917e-05,0.000126788,0.000188419,0.000279079,0.000412442,0.000608622,0.000897206,0.00132172,0.00194619,0.00286479,0.00421608,0.00620385,inf	1315.02,1315.02,4535.02,4606.86,3276.05,2384.91,2103.63,1894.19,1754.55,1749.92,1774.96,1763.77,1654.43,1429.69,1162.43,909.398,722.058,653.381,171.072,171.072
0.000367814	-21255941.15	0,1.91086e-06,4.72177e-06,8.85668e-06,1.49392e-05,2.38868e-05,3.70488e-05,5.64104e-05,8.48917e-05,0.000126788,0.000188419,0.000279079,0.000412442,0.000608622,0.000897206,0.00132172,0.00194619,0.00286479,0.00421608,0.00620385,inf	1354.27,1354.27,4716.94,4654.15,3285.26,2396.75,2119.13,1902.02,1759.17,1754.87,1779.85,1767.16,1654.94,1427.4,1158.38,904.963,720.133,659.632,165.122,165.122
0.000380157	-21252946.33	0,1.91086e-06,4.72177e-06,8.85668e-06,1.49392e-05,2.38868e-05,3.70488e-05,5.64104e-05,8.48917e-05,0.000126788,0.000188419,0.000279079,0.000412442,0.000608622,0.000897206,0.00132172,0.00194619,0.00286479,0.00421608,0.00620385,inf	1396.64,1396.64,4900.52,4695.8,3292.42,2408.82,2134.54,1909.9,1764.08,1760.07,1784.76,1770.25,1654.9,1424.6,1154.05,900.573,718.45,666.395,160.066,160.066
0.000392507	-21250014.13	0,1.91086e-06,4.72177e-06,8.85668e-06,1.49392e-05,2.38868e-05,3.70488e-05,5.64104e-05,8.48917e-05,0.000126788,0.000188419,0.000279079,0.000412442,0.000608622,0.000897206,0.00132172,0.00194619,0.00286479,0.00421608,0.00620385,inf	1442.28,1442.28,5084.97,4732.17,3297.73,2421.07,2149.79,1917.79,1769.25,1765.51,1789.72,1773.1,1654.42,1421.36,1149.46,896.184,716.908,673.495,155.718,155.718
0.000404858	-21247143.37	0,1.91086e-06,4.72177e-06,8.85668e-06,1.49392e-05,2.38868e-05,3.70488e-05,5.64104e-05,8.48917e-05,0.000126788,0.000188419,0.000279079,0.000412442,0.000608622,0.000897206,0.00132172,0.00194619,0.00286479,0.00421608,0.00620385,inf	1491.12,1491.12,5269.55,4763.63,3301.45,2433.48,2164.81,1925.64,1774.66,1771.17,1794.76,1775.79,1653.58,1417.75,1144.65,891.771,715.435,680.796,151.937,151.937
0.000417205	-21244333.71	0,1.91086e-06,4.72177e-06,8.85668e-06,1.49392e-05,2.38868e-05,3.70488e-05,5.64104e-05,8.48917e-05,0.000126788,0.000188419,0.000279079,0.000412442,0.000608622,0.000897206,0.00132172,0.00194619,0.00286479,0.00421608,0.00620385,inf	1543.11,1543.11,5453.47,4790.53,3303.78,2446.01,2179.54,1933.44,1780.28,1777.05,1799.88,1778.35,1652.46,1413.84,1139.65,887.323,713.981,688.194,148.611,148.611
0.000429547	-21241585.09	0,1.91086e-06,4.72177e-06,8.85668e-06,1.49392e-05,2.38868e-05,3.70488e-05,5.64104e-05,8.48917e-05,0.000126788,0.000188419,0.000279079,0.000412442,0.000608622,0.000897206,0.00132172,0.00194619,0.00286479,0.00421608,0.00620385,inf	1598.28,1598.28,5636.32,4813.2,3304.94,2458.65,2193.93,1941.14,1786.06,1783.12,1805.09,1780.82,1651.11,1409.68,1134.49,882.839,712.516,695.609,145.655,145.655
0.000441881	-21238897.35	0,1.91086e-06,4.72177e-06,8.85668e-06,1.49392e-05,2.38868e-05,3.70488e-05,5.64104e-05,8.48917e-05,0.000126788,0.000188419,0.000279079,0.000412442,0.000608622,0.000897206,0.00132172,0.00194619,0.00286479,0.00421608,0.00620385,inf	1656.45,1656.45,5817.59,4831.98,3305.13,2471.36,2207.95,1948.73,1791.98,1789.36,1810.4,1783.24,1649.58,1405.33,1129.2,878.322,711.019,702.984,143,143
0.000454207	-21236270.09	0,1.91086e-06,4.72177e-06,8.85668e-06,1.49392e-05,2.38868e-05,3.70488e-05,5.64104e-05,8.48917e-05,0.000126788,0.000188419,0.000279079,0.000412442,0.000608622,0.000897206,0.00132172,0.00194619,0.00286479,0.00421608,0.00620385,inf	1717.51,1717.51,5996.93,4847.23,3304.53,2484.13,2221.56,1956.18,1798.01,1795.75,1815.79,1785.62,1647.92,1400.83,1123.81,873.783,709.481,710.274,140.594,140.594
0.000466522	-21233702.67	0,1.91086e-06,4.72177e-06,8.85668e-06,1.49392e-05,2.38868e-05,3.70488e-05,5.64104e-05,8.48917e-05,0.000126788,0.000188419,0.000279079,0.000412442,0.000608622,0.000897206,0.00132172,0.00194619,0.00286479,0.00421608,0.00620385,inf	1781.36,1781.36,6174.02,4859.17,3303.3,2496.96,2234.76,1963.49,1804.12,1802.28,1821.27,1787.98,1646.16,1396.23,1118.36,869.231,707.896,717.451,138.395,138.395
0.000478828	-21231194.19	0,1.91086e-06,4.72177e-06,8.85668e-06,1.49392e-05,2.38868e-05,3.70488e-05,5.64104e-05,8.48917e-05,0.000126788,0.000188419,0.000279079,0.000412442,0.000608622,0.000897206,0.00132172,0.00194619,0.00286479,0.00421608,0.00620385,inf	1847.82,1847.82,6348.57,4868.17,3301.62,2509.8,2247.53,1970.64,1810.3,1808.91,1826.81,1790.32,1644.32,1391.54,1112.86,864.675,706.265,724.493,136.369,136.369
0.000491123	-21228743.55	0,1.91086e-06,4.72177e-06,8.85668e-06,1.49392e-05,2.38868e-05,3.70488e-05,5.64104e-05,8.48917e-05,0.000126788,0.000188419,0.000279079,0.000412442,0.000608622,0.000897206,0.00132172,0.00194619,0.00286479,0.00421608,0.00620385,inf	1916.79,1916.79,6520.43,4874.46,3299.59,2522.66,2259.86,1977.63,1816.53,1815.64,1832.42,1792.65,1642.43,1386.8,1107.33,860.126,704.589,731.386,134.49,134.49
0.000503407	-21226349.43	0,1.91086e-06,4.72177e-06,8.85668e-06,1.49392e-05,2.38868e-05,3.70488e-05,5.64104e-05,8.48917e-05,0.000126788,0.000188419,0.000279079,0.000412442,0.000608622,0.000897206,0.00132172,0.00194619,0.00286479,0.00421608,0.00620385,inf	1988.17,1988.17,6689.35,4878.27,3297.36,2535.51,2271.76,1984.44,1822.79,1822.44,1838.09,1794.98,1640.5,1382.03,1101.81,855.594,702.872,738.122,132.736,132.736
0.000515681	-21224010.42	0,1.91086e-06,4.72177e-06,8.85668e-06,1.49392e-05,2.38868e-05,3.70488e-05,5.64104e-05,8.48917e-05,0.000126788,0.000188419,0.000279079,0.000412442,0.000608622,0.000897206,0.00132172,0.00194619,0.00286479,0.00421608,0.00620385,inf	2061.68,2061.68,6855.24,4879.84,3295.06,2548.37,2283.22,1991.09,1829.06,1829.31,1843.8,1797.3,1638.54,1377.24,1096.29,851.086,701.12,744.697,131.091,131.091
0.000527943	-21221725.05	0,1.91086e-06,4.72177e-06,8.85668e-06,1.49392e-05,2.38868e-05,3.70488e-05,5.64104e-05,8.48917e-05,0.000126788,0.000188419,0.000279079,0.000412442,0.000608622,0.000897206,0.00132172,0.00194619,0.00286479,0.00421608,0.00620385,inf	2137.33,2137.33,7017.96,4879.36,3292.78,2561.23,2294.27,1997.57,1835.34,1836.23,1849.54,1799.62,1636.57,1372.45,1090.79,846.61,699.337,751.111,129.539,129.539
0.000540195	-21219491.74	0,1.91086e-06,4.72177e-06,8.85668e-06,1.49392e-05,2.38868e-05,3.70488e-05,5.64104e-05,8.48917e-05,0.000126788,0.000188419,0.000279079,0.000412442,0.000608622,0.000897206,0.00132172,0.00194619,0.00286479,0.00421608,0.00620385,inf	2215.16,2215.16,7177.4,4877.03,3290.6,2574.05,2304.9,2003.89,1841.61,1843.19,1855.31,1801.94,1634.59,1367.67,1085.32,842.173,697.528,757.364,128.069,128.069
0.000552436	-21217308.92	0,1.91086e-06,4.72177e-06,8.85668e-06,1.49392e-05,2.38868e-05,3.70488e-05,5.64104e-05,8.48917e-05,0.000126788,0.000188419,0.000279079,0.000412442,0.000608622,0.000897206,0.00132172,0.00194619,0.00286479,0.00421608,0.00620385,inf	2294.92,2294.92,7333.43,4873.01,3288.61,2586.85,2315.12,2010.04,1847.88,1850.17,1861.1,1804.25,1632.6,1362.92,1079.9,837.779,695.698,763.458,126.671,126.671
0.000564666	-21215175.02	0,1.91086e-06,4.72177e-06,8.85668e-06,1.49392e-05,2.38868e-05,3.70488e-05,5.64104e-05,8.48917e-05,0.000126788,0.000188419,0.000279079,0.000412442,0.000608622,0.000897206,0.00132172,0.00194619,0.00286479,0.00421608,0.00620385,inf	2376.76,2376.76,7485.96,4867.46,3286.84,2599.6,2324.96,2016.04,1854.12,1857.17,1866.9,1806.55,1630.62,1358.19,1074.52,833.435,693.853,769.399,125.338,125.338
0.000576885	-21213088.50	0,1.91086e-06,4.72177e-06,8.85668e-06,1.49392e-05,2.38868e-05,3.70488e-05,5.64104e-05,8.48917e-05,0.000126788,0.000188419,0.000279079,0.000412442,0.000608622,0.000897206,0.00132172,0.00194619,0.00286479,0.00421608,0.00620385,inf	2460.51,2460.51,7634.81,4860.54,3285.39,2612.32,2334.43,2021.88,1860.34,1864.18,1872.71,1808.84,1628.64,1353.49,1069.2,829.143,691.996,775.191,124.061,124.061
0.000589094	-21211047.84	0,1.91086e-06,4.72177e-06,8.85668e-06,1.49392e-05,2.38868e-05,3.70488e-05,5.64104e-05,8.48917e-05,0.000126788,0.000188419,0.000279079,0.000412442,0.000608622,0.000897206,0.00132172,0.00194619,0.00286479,0.00421608,0.00620385,inf	2546.28,2546.28,7779.93,4852.41,3284.29,2624.97,2343.53,2027.58,1866.54,1871.19,1878.52,1811.12,1626.67,1348.83,1063.94,824.906,690.132,780.839,122.837,122.837
0.000601291	-21209051.52	0,1.91086e-06,4.72177e-06,8.85668e-06,1.49392e-05,2.38868e-05,3.70488e-05,5.64104e-05,8.48917e-05,0.000126788,0.000188419,0.000279079,0.000412442,0.000608622,0.000897206,0.00132172,0.00194619,0.00286479,0.00421608,0.00620385,inf	2634.13,2634.13,7921.18,4843.13,3283.57,2637.56,2352.29,2033.15,1872.71,1878.21,1884.32,1813.39,1624.71,1344.22,1058.74,820.727,688.264,786.348,121.659,121.659
0.000613478	-21207098.10	0,1.91086e-06,4.72177e-06,8.85668e-06,1.49392e-05,2.38868e-05,3.70488e-05,5.64104e-05,8.48917e-05,0.000126788,0.000188419,0.000279079,0.000412442,0.000608622,0.000897206,0.00132172,0.00194619,0.00286479,0.00421608,0.00620385,inf	2723.98,2723.98,8058.52,4832.95,3283.28,2650.07,2360.72,2038.59,1878.84,1885.21,1890.11,1815.65,1622.75,1339.65,1053.6,816.608,686.397,791.724,120.524,120.524
0.000625653	-21205186.18	0,1.91086e-06,4.72177e-06,8.85668e-06,1.49392e-05,2.38868e-05,3.70488e-05,5.64104e-05,8.48917e-05,0.000126788,0.000188419,0.000279079,0.000412442,0.000608622,0.000897206,0.00132172,0.00194619,0.00286479,0.00421608,0.00620385,inf	2815.85,2815.85,8191.66,4821.86,3283.43,2662.5,2368.83,2043.9,1884.94,1892.21,1895.88,1817.88,1620.81,1335.12,1048.53,812.55,684.532,796.973,119.427,119.427
0.000637818	-21203314.41	0,1.91086e-06,4.72177e-06,8.85668e-06,1.49392e-05,2.38868e-05,3.70488e-05,5.64104e-05,8.48917e-05,0.000126788,0.000188419,0.000279079,0.000412442,0.000608622,0.000897206,0.00132172,0.00194619,0.00286479,0.00421608,0.00620385,inf	2909.73,2909.73,8320.75,4810.03,3284.05,2674.84,2376.65,2049.09,1891.02,1899.2,1901.64,1820.1,1618.88,1330.65,1043.53,808.554,682.673,802.101,118.367,118.367
0.000649971	-21201481.48	0,1.91086e-06,4.72177e-06,8.85668e-06,1.49392e-05,2.38868e-05,3.70488e-05,5.64104e-05,8.48917e-05,0.000126788,0.000188419,0.000279079,0.000412442,0.000608622,0.000897206,0.00132172,0.00194619,0.00286479,0.00421608,0.00620385,inf	3005.54,3005.54,8445.6,4797.61,3285.16,2687.1,2384.18,2054.17,1897.05,1906.16,1907.37,1822.29,1616.95,1326.22,1038.6,804.62,680.821,807.112,117.339,117.339
0.000662114	-21199686.15	0,1.91086e-06,4.72177e-06,8.85668e-06,1.49392e-05,2.38868e-05,3.70488e-05,5.64104e-05,8.48917e-05,0.000126788,0.000188419,0.000279079,0.000412442,0.000608622,0.000897206,0.00132172,0.00194619,0.00286479,0.00421608,0.00620385,inf	3103.38,3103.38,8566.15,4784.62,3286.76,2699.27,2391.43,2059.15,1903.06,1913.11,1913.08,1824.47,1615.04,1321.84,1033.74,800.749,678.98,812.012,116.341,116.341
0.000674245	-21197927.21	0,1.91086e-06,4.72177e-06,8.85668e-06,1.49392e-05,2.38868e-05,3.70488e-05,5.64104e-05,8.48917e-05,0.000126788,0.000188419,0.000279079,0.000412442,0.000608622,0.000897206,0.00132172,0.00194619,0.00286479,0.00421608,0.00620385,inf	3202.99,3202.99,8682.33,4771.23,3288.88,2711.33,2398.44,2064.03,1909.03,1920.04,1918.77,1826.62,1613.14,1317.52,1028.95,796.94,677.15,816.807,115.372,115.372
0.000686365	-21196203.51	0,1.91086e-06,4.72177e-06,8.85668e-06,1.49392e-05,2.38868e-05,3.70488e-05,5.64104e-05,8.48917e-05,0.000126788,0.000188419,0.000279079,0.000412442,0.000608622,0.000897206,0.00132172,0.00194619,0.00286479,0.00421608,0.00620385,inf	3304.43,3304.43,8794.13,4757.53,3291.51,2723.28,2405.19,2068.81,1914.97,1926.94,1924.42,1828.74,1611.25,1313.24,1024.23,793.194,675.333,821.502,114.43,114.43
0.000698473	-21194513.94	0,1.91086e-06,4.72177e-06,8.85668e-06,1.49392e-05,2.38868e-05,3.70488e-05,5.64104e-05,8.48917e-05,0.000126788,0.000188419,0.000279079,0.000412442,0.000608622,0.000897206,0.00132172,0.00194619,0.00286479,0.00421608,0.00620385,inf	3407.68,3407.68,8901.53,4743.55,3294.62,2735.12,2411.71,2073.51,1920.87,1933.82,1930.04,1830.84,1609.37,1309.01,1019.57,789.51,673.53,826.101,113.512,113.512
0.000710571	-21192857.45	0,1.91086e-06,4.72177e-06,8.85668e-06,1.49392e-05,2.38868e-05,3.70488e-05,5.64104e-05,8.48917e-05,0.000126788,0.000188419,0.000279079,0.000412442,0.000608622,0.000897206,0.00132172,0.00194619,0.00286479,0.00421608,0.00620385,inf	3512.6,3512.6,9004.55,4729.42,3298.27,2746.84,2418.01,2078.12,1926.75,1940.67,1935.63,1832.91,1607.49,1304.83,1014.99,785.888,671.744,830.608,112.617,112.617
0.000722656	-21191233.02	0,1.91086e-06,4.72177e-06,8.85668e-06,1.49392e-05,2.38868e-05,3.70488e-05,5.64104e-05,8.48917e-05,0.000126788,0.000188419,0.000279079,0.000412442,0.000608622,0.000897206,0.00132172,0.00194619,0.00286479,0.00421608,0.00620385,inf	3619.08,3619.08,9103.2,4715.22,3302.44,2758.43,2424.1,2082.65,1932.59,1947.5,1941.19,1834.96,1605.63,1300.7,1010.47,782.326,669.973,835.029,111.743,111.743
0.00073473	-21189639.68	0,1.91086e-06,4.72177e-06,8.85668e-06,1.49392e-05,2.38868e-05,3.70488e-05,5.64104e-05,8.48917e-05,0.000126788,0.000188419,0.000279079,0.000412442,0.000608622,0.000897206,0.00132172,0.00194619,0.00286479,0.00421608,0.00620385,inf	3727.1,3727.1,9197.47,4700.99,3307.08,2769.89,2429.99,2087.11,1938.4,1954.3,1946.71,1836.97,1603.78,1296.62,1006.02,778.824,668.22,839.368,110.891,110.891
0.000746793	-21188076.51	0,1.91086e-06,4.72177e-06,8.85668e-06,1.49392e-05,2.38868e-05,3.70488e-05,5.64104e-05,8.48917e-05,0.000126788,0.000188419,0.000279079,0.000412442,0.000608622,0.000897206,0.00132172,0.00194619,0.00286479,0.00421608,0.00620385,inf	3836.39,3836.39,9287.49,4686.83,3312.23,2781.21,2435.69,2091.5,1944.19,1961.07,1952.19,1838.96,1601.93,1292.59,1001.64,775.381,666.485,843.628,110.057,110.057
0.000758843	-21186542.62	0,1.91086e-06,4.72177e-06,8.85668e-06,1.49392e-05,2.38868e-05,3.70488e-05,5.64104e-05,8.48917e-05,0.000126788,0.000188419,0.000279079,0.000412442,0.000608622,0.000897206,0.00132172,0.00194619,0.00286479,0.00421608,0.00620385,inf	3946.72,3946.72,9373.38,4672.76,3317.85,2792.41,2441.21,2095.83,1949.94,1967.81,1957.64,1840.91,1600.09,1288.6,997.321,771.996,664.768,847.813,109.242,109.242
0.000770881	-21185037.16	0,1.91086e-06,4.72177e-06,8.85668e-06,1.49392e-05,2.38868e-05,3.70488e-05,5.64104e-05,8.48917e-05,0.000126788,0.000188419,0.000279079,0.000412442,0.000608622,0.000897206,0.00132172,0.00194619,0.00286479,0.00421608,0.00620385,inf	4058.06,4058.06,9455.18,4658.88,3323.95,2803.45,2446.55,2100.1,1955.67,1974.53,1963.04,1842.84,1598.26,1284.66,993.068,768.669,663.071,851.928,108.444,108.444
0.000782907	-21183559.32	0,1.91086e-06,4.72177e-06,8.85668e-06,1.49392e-05,2.38868e-05,3.70488e-05,5.64104e-05,8.48917e-05,0.000126788,0.000188419,0.000279079,0.000412442,0.000608622,0.000897206,0.00132172,0.00194619,0.00286479,0.00421608,0.00620385,inf	4170.34,4170.34,9533.05,4645.23,3330.51,2814.36,2451.73,2104.31,1961.37,1981.21,1968.41,1844.74,1596.44,1280.77,988.877,765.398,661.393,855.974,107.663,107.663
0.000794921	-21182108.32	0,1.91086e-06,4.72177e-06,8.85668e-06,1.49392e-05,2.38868e-05,3.70488e-05,5.64104e-05,8.48917e-05,0.000126788,0.000188419,0.000279079,0.000412442,0.000608622,0.000897206,0.00132172,0.00194619,0.00286479,0.00421608,0.00620385,inf	4283.31,4283.31,9607.15,4631.85,3337.51,2825.12,2456.76,2108.47,1967.04,1987.87,1973.74,1846.6,1594.62,1276.92,984.749,762.181,659.734,859.957,106.897,106.897
0.000806923	-21180683.41	0,1.91086e-06,4.72177e-06,8.85668e-06,1.49392e-05,2.38868e-05,3.70488e-05,5.64104e-05,8.48917e-05,0.000126788,0.000188419,0.000279079,0.000412442,0.000608622,0.000897206,0.00132172,0.00194619,0.00286479,0.00421608,0.00620385,inf	4396.88,4396.88,9677.47,4618.75,3344.93,2835.74,2461.63,2112.57,1972.69,1994.5,1979.04,1848.44,1592.81,1273.11,980.681,759.019,658.095,863.878,106.146,106.146
0.000818912	-21179283.87	0,1.91086e-06,4.72177e-06,8.85668e-06,1.49392e-05,2.38868e-05,3.70488e-05,5.64104e-05,8.48917e-05,0.000126788,0.000188419,0.000279079,0.000412442,0.000608622,0.000897206,0.00132172,0.00194619,0.00286479,0.00421608,0.00620385,inf	4510.77,4510.77,9744.31,4605.99,3352.77,2846.19,2466.37,2116.62,1978.31,2001.09,1984.29,1850.24,1591,1269.35,976.673,755.91,656.476,867.741,105.41,105.41
